0 9067 newAPP 4.0 6 200.0 123.21807742531816
allowInformationToCentralPlanner 0 9067 [0, 0, 0, 0] [0, 0, 0, 0]
requestGoodsToTheCentralPlanner 0 9067 [0, 0, 0, 0] [0, 0, 0, 0]
concludeProduction 0 9067 0 0
1 9067 newAPP 5.0 6 250.0 123.21807742531816
allowInformationToCentralPlanner 1 9067 [0, 0, 0, 0] [0, 0, 0, 0]
requestGoodsToTheCentralPlanner 1 9067 [0, 0, 0, 0] [0, 0, 0, 0]
concludeProduction 1 9067 0 0
2 9067 newAPP 3.0 6 150.0 123.21807742531816
allowInformationToCentralPlanner 2 9067 [0, 0, 0, 0] [0, 0, 0, 0]
requestGoodsToTheCentralPlanner 2 9067 [0, 0, 0, 0] [0, 0, 0, 0]
concludeProduction 2 9067 0 0
3 9067 newAPP 3.0 6 150.0 123.21807742531816
allowInformationToCentralPlanner 3 9067 [0, 0, 0, 0] [0, 0, 0, 0]
requestGoodsToTheCentralPlanner 3 9067 [0, 0, 0, 0] [0, 0, 0, 0]
concludeProduction 3 9067 0 0
4 9067 newAPP 4.0 6 200.0 123.21807742531816
allowInformationToCentralPlanner 4 9067 [0, 0, 0, 0] [0, 0, 0, 0]
requestGoodsToTheCentralPlanner 4 9067 [0, 0, 0, 0] [0, 0, 0, 0]
concludeProduction 4 9067 0 0
5 9067 newAPP 2.0 6 100.0 123.21807742531816
allowInformationToCentralPlanner 5 9067 [0, 0, 0, 0] [0, 0, 0, 0]
requestGoodsToTheCentralPlanner 5 9067 [0, 0, 0, 0] [0, 0, 0, 0]
concludeProduction 5 9067 0 0.0
6 9067 newAPP 3.0 6 150.0 123.21807742531816
allowInformationToCentralPlanner 6 9067 [0.8556810932313761, 0.0, 0.0, 0.0] [524.46011483215, 0.0, 0.0, 0.0]
requestGoodsToTheCentralPlanner 6 9067 [0.8556810932313761, 0.0, 0.0, 0.0] [524.46011483215, 0.0, 0.0, 0.0]
concludeProduction 6 9067 0.8556810932313761 4.325515798553018
7 9067 newAPP 6.0 12.0 300.0 127.54359322387117
allowInformationToCentralPlanner 7 9067 [0.8857193973879942, 0.0, 0.0, 0.0] [489.70204745374167, 0.0, 0.0, 0.0]
requestGoodsToTheCentralPlanner 7 9067 [0.8857193973879942, 0.0, 0.0, 0.0] [489.70204745374167, 0.0, 0.0, 0.0]
concludeProduction 7 9067 0.8857193973879942 3.2182824114893176
8 9067 newAPP 4.0 12.0 200.0 130.7618756353605
allowInformationToCentralPlanner 8 9067 [0.9080685808011145, 0.0, 0.0, 0.0] [696.1619368011035, 0.0, 0.0, 0.0]
requestGoodsToTheCentralPlanner 8 9067 [0.9080685808011145, 0.0, 0.0, 0.0] [696.1619368011035, 0.0, 0.0, 0.0]
concludeProduction 8 9067 0.9080685808011145 3.4761715816541705
9 9067 newAPP 8.0 12.0 400.0 134.23804721701467
allowInformationToCentralPlanner 9 9067 [0.9322086612292685, 0.0, 0.0, 0.0] [802.3381480612836, 0.0, 0.0, 0.0]
requestGoodsToTheCentralPlanner 9 9067 [0.9322086612292685, 0.0, 0.0, 0.0] [802.3381480612836, 0.0, 0.0, 0.0]
concludeProduction 9 9067 0.9322086612292685 2.819296295678342
10 9067 newAPP 8.0 12.0 400.0 137.057343512693
allowInformationToCentralPlanner 10 9067 [0.9517871077270347, 0.0, 0.0, 0.0] [699.2369221360377, 0.0, 0.0, 0.0]
requestGoodsToTheCentralPlanner 10 9067 [0.9517871077270347, 0.0, 0.0, 0.0] [699.2369221360377, 0.0, 0.0, 0.0]
concludeProduction 10 9067 0.9517871077270347 2.5489289935558257
11 9067 newAPP 4.0 12.0 200.0 139.6062725062488
allowInformationToCentralPlanner 11 9067 [0.9694880035156168, 0.0, 0.0, 0.0] [806.4331002431263, 0.0, 0.0, 0.0]
requestGoodsToTheCentralPlanner 11 9067 [0.9694880035156168, 0.0, 0.0, 0.0] [806.4331002431263, 0.0, 0.0, 0.0]
concludeProduction 11 9067 0.9694880035156168 3.0847382415233864
12 9067 newAPP 6.0 12.0 300.0 142.6910107477722
allowInformationToCentralPlanner 12 9067 [0.9909097968595292, 0.0, 0.0, 0.0] [803.0398881774506, 0.0, 0.0, 0.0]
requestGoodsToTheCentralPlanner 12 9067 [0.9909097968595292, 0.0, 0.0, 0.0] [803.0398881774506, 0.0, 0.0, 0.0]
concludeProduction 12 9067 0.9909097968595292 3.5279206388441033
13 9067 newAPP 6.0 18.0 300.0 146.21893138661628
allowInformationToCentralPlanner 13 9067 [1.0154092457403907, 0.0, 0.0, 0.0] [799.1591754747221, 0.0, 0.0, 0.0]
requestGoodsToTheCentralPlanner 13 9067 [1.0154092457403907, 0.0, 0.0, 0.0] [799.1591754747221, 0.0, 0.0, 0.0]
concludeProduction 13 9067 1.0154092457403907 3.615554471096667
14 9067 newAPP 4.0 18.0 200.0 149.83448585771293
allowInformationToCentralPlanner 14 9067 [1.0405172629007842, 0.0, 0.0, 0.0] [795.1820655565158, 0.0, 0.0, 0.0]
requestGoodsToTheCentralPlanner 14 9067 [1.0405172629007842, 0.0, 0.0, 0.0] [795.1820655565158, 0.0, 0.0, 0.0]
concludeProduction 14 9067 1.0405172629007842 4.163403340226737
15 9067 newAPP 5.0 18.0 250.0 153.99788919793968
allowInformationToCentralPlanner 15 9067 [1.0694297860968034, 0.0, 0.0, 0.0] [850.6023218822662, 0.0, 0.0, 0.0]
requestGoodsToTheCentralPlanner 15 9067 [1.0694297860968034, 0.0, 0.0, 0.0] [850.6023218822662, 0.0, 0.0, 0.0]
concludeProduction 15 9067 1.0694297860968034 4.550440363589511
16 9067 newAPP 4.0 18.0 200.0 158.5483295615292
allowInformationToCentralPlanner 16 9067 [1.1010300663995083, 0.0, 0.0, 0.0] [775.5968374823176, 0.0, 0.0, 0.0]
requestGoodsToTheCentralPlanner 16 9067 [1.1010300663995083, 0.0, 0.0, 0.0] [775.5968374823176, 0.0, 0.0, 0.0]
concludeProduction 16 9067 1.1010300663995083 3.7824597031260425
17 9067 newAPP 3.0 18.0 150.0 162.3307892646552
allowInformationToCentralPlanner 17 9067 [1.1272971476712168, 0.0, 0.0, 0.0] [821.4361318088793, 0.0, 0.0, 0.0]
requestGoodsToTheCentralPlanner 17 9067 [1.1272971476712168, 0.0, 0.0, 0.0] [821.4361318088793, 0.0, 0.0, 0.0]
concludeProduction 17 9067 1.1272971476712168 3.86543968541395
18 9067 newAPP 4.0 18.0 200.0 166.19622895006916
allowInformationToCentralPlanner 18 9067 [1.1541404788199248, 0.0, 0.0, 0.0] [617.184148154924, 0.0, 0.0, 0.0]
requestGoodsToTheCentralPlanner 18 9067 [1.1541404788199248, 0.0, 0.0, 0.0] [617.184148154924, 0.0, 0.0, 0.0]
concludeProduction 18 9067 1.1541404788199248 3.1753135044993446
19 9067 newAPP 7.0 18.0 350.0 169.3715424545685
allowInformationToCentralPlanner 19 9067 [1.1761912670456145, 0.0, 0.0, 0.0] [763.6913032999744, 0.0, 0.0, 0.0]
requestGoodsToTheCentralPlanner 19 9067 [1.1761912670456145, 0.0, 0.0, 0.0] [763.6913032999744, 0.0, 0.0, 0.0]
concludeProduction 19 9067 1.1761912670456145 4.002097516153729
20 9067 newAPP 2.0 18.0 100.0 173.37363997072222
allowInformationToCentralPlanner 20 9067 [1.2039836109077933, 0.0, 0.0, 0.0] [609.2889960322055, 0.0, 0.0, 0.0]
requestGoodsToTheCentralPlanner 20 9067 [1.2039836109077933, 0.0, 0.0, 0.0] [609.2889960322055, 0.0, 0.0, 0.0]
concludeProduction 20 9067 1.2039836109077933 2.9464219918576506
21 9067 newAPP 7.0 18.0 350.0 176.32006196257987
allowInformationToCentralPlanner 21 9067 [1.224444874740138, 0.0, 0.0, 0.0] [756.0479318411619, 0.0, 0.0, 0.0]
requestGoodsToTheCentralPlanner 21 9067 [1.224444874740138, 0.0, 0.0, 0.0] [756.0479318411619, 0.0, 0.0, 0.0]
concludeProduction 21 9067 1.224444874740138 4.004628200594539
22 9067 newAPP 8.0 18.0 400.0 180.3246901631744
allowInformationToCentralPlanner 22 9067 [1.2522547927998222, 0.0, 0.0, 0.0] [651.6428408205081, 0.0, 0.0, 0.0]
requestGoodsToTheCentralPlanner 22 9067 [1.2522547927998222, 0.0, 0.0, 0.0] [651.6428408205081, 0.0, 0.0, 0.0]
concludeProduction 22 9067 1.2522547927998222 3.455599472878574
23 9067 newAPP 6.0 18.0 300.0 183.780289636053
allowInformationToCentralPlanner 23 9067 [1.2762520113614793, 0.0, 0.0, 0.0] [757.8416814003417, 0.0, 0.0, 0.0]
requestGoodsToTheCentralPlanner 23 9067 [1.2762520113614793, 0.0, 0.0, 0.0] [757.8416814003417, 0.0, 0.0, 0.0]
concludeProduction 23 9067 1.2762520113614793 4.083652665894472
24 9067 newAPP 5.0 18.0 250.0 187.86394230194745
allowInformationToCentralPlanner 24 9067 [1.3046107104301905, 0.0, 0.0, 0.0] [693.3496634678578, 0.0, 0.0, 0.0]
requestGoodsToTheCentralPlanner 24 9067 [1.3046107104301905, 0.0, 0.0, 0.0] [693.3496634678578, 0.0, 0.0, 0.0]
concludeProduction 24 9067 1.3046107104301905 3.7048087561933594
25 9067 newAPP 2.0 18.0 100.0 191.5687510581408
allowInformationToCentralPlanner 25 9067 [1.3303385490148667, 0.0, 0.0, 0.0] [639.2743738360451, 0.0, 0.0, 0.0]
requestGoodsToTheCentralPlanner 25 9067 [1.3303385490148667, 0.0, 0.0, 0.0] [639.2743738360451, 0.0, 0.0, 0.0]
concludeProduction 25 9067 1.3303385490148667 3.159742737283884
26 9067 newAPP 4.0 18.0 200.0 194.7284937954247
allowInformationToCentralPlanner 26 9067 [1.3522812069126715, 0.0, 0.0, 0.0] [635.7986568250328, 0.0, 0.0, 0.0]
requestGoodsToTheCentralPlanner 26 9067 [1.3522812069126715, 0.0, 0.0, 0.0] [635.7986568250328, 0.0, 0.0, 0.0]
concludeProduction 26 9067 1.3522812069126715 3.0776802806197985
27 9067 newAPP 4.0 18.0 200.0 197.8061740760445
allowInformationToCentralPlanner 27 9067 [1.373653986639198, 0.0, 0.0, 0.0] [632.413208516351, 0.0, 0.0, 0.0]
requestGoodsToTheCentralPlanner 27 9067 [1.373653986639198, 0.0, 0.0, 0.0] [632.413208516351, 0.0, 0.0, 0.0]
concludeProduction 27 9067 1.373653986639198 3.103125225674087
28 9067 newAPP 4.0 18.0 200.0 200.9092993017186
allowInformationToCentralPlanner 28 9067 [1.3952034673730458, 0.0, 0.0, 0.0] [538.9997707681096, 0.0, 0.0, 0.0]
requestGoodsToTheCentralPlanner 28 9067 [1.3952034673730458, 0.0, 0.0, 0.0] [538.9997707681096, 0.0, 0.0, 0.0]
concludeProduction 28 9067 1.3952034673730458 2.277906507782938
29 9067 newAPP 4.0 18.0 200.0 203.18720580950153
allowInformationToCentralPlanner 29 9067 [1.411022262565983, 0.0, 0.0, 0.0] [536.4940736095483, 0.0, 0.0, 0.0]
requestGoodsToTheCentralPlanner 29 9067 [1.411022262565983, 0.0, 0.0, 0.0] [536.4940736095483, 0.0, 0.0, 0.0]
concludeProduction 29 9067 1.411022262565983 2.5916017513306135
30 9067 newAPP 4.0 18.0 200.0 205.77880756083215
allowInformationToCentralPlanner 30 9067 [1.4290194969502232, 0.0, 0.0, 0.0] [573.6433116830847, 0.0, 0.0, 0.0]
requestGoodsToTheCentralPlanner 30 9067 [1.4290194969502232, 0.0, 0.0, 0.0] [573.6433116830847, 0.0, 0.0, 0.0]
concludeProduction 30 9067 1.4290194969502232 2.9993731596850273
31 9067 newAPP 3.0 18.0 150.0 208.77818072051718
allowInformationToCentralPlanner 31 9067 [1.4498484772258138, 0.0, 0.0, 0.0] [570.3440012074311, 0.0, 0.0, 0.0]
requestGoodsToTheCentralPlanner 31 9067 [1.4498484772258138, 0.0, 0.0, 0.0] [570.3440012074311, 0.0, 0.0, 0.0]
concludeProduction 31 9067 1.4498484772258138 2.7752781000567497
32 9067 newAPP 4.0 18.0 200.0 211.55345882057392
allowInformationToCentralPlanner 32 9067 [1.4691212418095412, 0.0, 0.0, 0.0] [567.2911952973686, 0.0, 0.0, 0.0]
requestGoodsToTheCentralPlanner 32 9067 [1.4691212418095412, 0.0, 0.0, 0.0] [567.2911952973686, 0.0, 0.0, 0.0]
concludeProduction 32 9067 1.4691212418095412 2.966043735495448
33 9067 newAPP 6.0 18.0 300.0 214.51950255606937
allowInformationToCentralPlanner 33 9067 [1.4897187677504817, 0.0, 0.0, 0.0] [564.0285471883237, 0.0, 0.0, 0.0]
requestGoodsToTheCentralPlanner 33 9067 [1.4897187677504817, 0.0, 0.0, 0.0] [564.0285471883237, 0.0, 0.0, 0.0]
concludeProduction 33 9067 1.4897187677504817 2.4511172967330364
34 9067 newAPP 9.0 18.0 450.0 216.9706198528024
allowInformationToCentralPlanner 34 9067 [1.506740415644461, 0.0, 0.0, 0.0] [661.3323181619173, 0.0, 0.0, 0.0]
requestGoodsToTheCentralPlanner 34 9067 [1.506740415644461, 0.0, 0.0, 0.0] [661.3323181619173, 0.0, 0.0, 0.0]
concludeProduction 34 9067 1.506740415644461 3.3273586308442464
35 9067 newAPP 4.0 18.0 200.0 220.29797848364666
allowInformationToCentralPlanner 35 9067 [1.5298470728031017, 0.0, 0.0, 0.0] [707.6722236679884, 0.0, 0.0, 0.0]
requestGoodsToTheCentralPlanner 35 9067 [1.5298470728031017, 0.0, 0.0, 0.0] [707.6722236679884, 0.0, 0.0, 0.0]
concludeProduction 35 9067 1.5298470728031017 3.9252636329168142
36 9067 newAPP 5.0 18.0 250.0 224.22324211656345
allowInformationToCentralPlanner 36 9067 [1.5571058480316906, 0.0, 0.0, 0.0] [703.3544336717799, 0.0, 0.0, 0.0]
requestGoodsToTheCentralPlanner 36 9067 [1.5571058480316906, 0.0, 0.0, 0.0] [703.3544336717799, 0.0, 0.0, 0.0]
concludeProduction 36 9067 1.5571058480316906 3.5791537779034654
37 9067 newAPP 2.0 18.0 100.0 227.80239589446694
allowInformationToCentralPlanner 37 9067 [1.5819610826004649, 0.0, 0.0, 0.0] [649.4173645160863, 0.0, 0.0, 0.0]
requestGoodsToTheCentralPlanner 37 9067 [1.5819610826004649, 0.0, 0.0, 0.0] [649.4173645160863, 0.0, 0.0, 0.0]
concludeProduction 37 9067 1.5819610826004649 3.2347400033471008
38 9067 newAPP 6.0 18.0 300.0 231.03713589781404
allowInformationToCentralPlanner 38 9067 [1.6044245548459308, 0.0, 0.0, 0.0] [765.8591505124044, 0.0, 0.0, 0.0]
requestGoodsToTheCentralPlanner 38 9067 [1.6044245548459308, 0.0, 0.0, 0.0] [765.8591505124044, 0.0, 0.0, 0.0]
concludeProduction 38 9067 1.6044245548459308 4.474208240132821
39 9067 newAPP 4.0 18.0 200.0 235.51134413794685
allowInformationToCentralPlanner 39 9067 [1.6354954454024087, 0.0, 0.0, 0.0] [690.9375214482582, 0.0, 0.0, 0.0]
requestGoodsToTheCentralPlanner 39 9067 [1.6354954454024087, 0.0, 0.0, 0.0] [690.9375214482582, 0.0, 0.0, 0.0]
concludeProduction 39 9067 1.6354954454024087 3.313261301350246
40 9067 newAPP 2.0 18.0 100.0 238.8246054392971
allowInformationToCentralPlanner 40 9067 [1.6585042044395633, 0.0, 0.0, 0.0] [577.2929340167732, 0.0, 0.0, 0.0]
requestGoodsToTheCentralPlanner 40 9067 [1.6585042044395633, 0.0, 0.0, 0.0] [577.2929340167732, 0.0, 0.0, 0.0]
concludeProduction 40 9067 1.6585042044395633 2.9218061104553112
41 9067 newAPP 7.0 18.0 350.0 241.74641154975242
allowInformationToCentralPlanner 41 9067 [1.6787945246510585, 0.0, 0.0, 0.0] [684.0789472952721, 0.0, 0.0, 0.0]
requestGoodsToTheCentralPlanner 41 9067 [1.6787945246510585, 0.0, 0.0, 0.0] [684.0789472952721, 0.0, 0.0, 0.0]
concludeProduction 41 9067 1.6787945246510585 3.916997326889579
42 9067 newAPP 9.0 18.0 450.0 245.663408876642
allowInformationToCentralPlanner 42 9067 [1.7059958949766805, 0.0, 0.0, 0.0] [629.7702502356938, 0.0, 0.0, 0.0]
requestGoodsToTheCentralPlanner 42 9067 [1.7059958949766805, 0.0, 0.0, 0.0] [629.7702502356938, 0.0, 0.0, 0.0]
concludeProduction 42 9067 1.7059958949766805 2.8925640930131977
43 9067 newAPP 4.0 18.0 200.0 248.55597296965522
allowInformationToCentralPlanner 43 9067 [1.7260831456226056, 0.0, 0.0, 0.0] [576.5884297333793, 0.0, 0.0, 0.0]
requestGoodsToTheCentralPlanner 43 9067 [1.7260831456226056, 0.0, 0.0, 0.0] [576.5884297333793, 0.0, 0.0, 0.0]
concludeProduction 43 9067 1.7260831456226056 2.764992604480457
44 9067 newAPP 5.0 18.0 250.0 251.32096557413567
allowInformationToCentralPlanner 44 9067 [1.74528448315372, 0.0, 0.0, 0.0] [573.5469378684508, 0.0, 0.0, 0.0]
requestGoodsToTheCentralPlanner 44 9067 [1.74528448315372, 0.0, 0.0, 0.0] [573.5469378684508, 0.0, 0.0, 0.0]
concludeProduction 44 9067 1.74528448315372 3.0300669893809435
45 9067 newAPP 5.0 18.0 250.0 254.3510325635166
allowInformationToCentralPlanner 45 9067 [1.766326615024421, 0.0, 0.0, 0.0] [570.2138641801316, 0.0, 0.0, 0.0]
requestGoodsToTheCentralPlanner 45 9067 [1.766326615024421, 0.0, 0.0, 0.0] [570.2138641801316, 0.0, 0.0, 0.0]
concludeProduction 45 9067 1.766326615024421 2.384455695018204
46 9067 newAPP 5.0 18.0 250.0 256.7354882585348
allowInformationToCentralPlanner 46 9067 [1.782885335128714, 0.0, 0.0, 0.0] [617.5909629156117, 0.0, 0.0, 0.0]
requestGoodsToTheCentralPlanner 46 9067 [1.782885335128714, 0.0, 0.0, 0.0] [617.5909629156117, 0.0, 0.0, 0.0]
concludeProduction 46 9067 1.782885335128714 3.356946239301507
47 9067 newAPP 3.0 18.0 150.0 260.09243449783634
allowInformationToCentralPlanner 47 9067 [1.80619746179053, 0.0, 0.0, 0.0] [513.8983220523799, 0.0, 0.0, 0.0]
requestGoodsToTheCentralPlanner 47 9067 [1.80619746179053, 0.0, 0.0, 0.0] [513.8983220523799, 0.0, 0.0, 0.0]
concludeProduction 47 9067 1.80619746179053 2.5733994702863807
48 9067 newAPP 3.0 18.0 150.0 262.66583396812274
allowInformationToCentralPlanner 48 9067 [1.8240682914452968, 0.0, 0.0, 0.0] [391.067582635065, 0.0, 0.0, 0.0]
requestGoodsToTheCentralPlanner 48 9067 [1.8240682914452968, 0.0, 0.0, 0.0] [391.067582635065, 0.0, 0.0, 0.0]
concludeProduction 48 9067 1.8240682914452968 1.2966709646970664
49 9067 newAPP 7.0 15.0 350.0 263.9625049328198
allowInformationToCentralPlanner 49 9067 [1.8330729509223598, 0.0, 0.0, 0.0] [559.6412445738981, 0.0, 0.0, 0.0]
requestGoodsToTheCentralPlanner 49 9067 [1.8330729509223598, 0.0, 0.0, 0.0] [559.6412445738981, 0.0, 0.0, 0.0]
concludeProduction 49 9067 1.8330729509223598 2.5326614295653824
50 9067 newAPP 6.0 15.0 300.0 266.4951663623852
allowInformationToCentralPlanner 50 9067 [1.8506608775165638, 0.0, 0.0, 0.0] [506.85531700137614, 0.0, 0.0, 0.0]
requestGoodsToTheCentralPlanner 50 9067 [1.8506608775165638, 0.0, 0.0, 0.0] [506.85531700137614, 0.0, 0.0, 0.0]
concludeProduction 50 9067 1.8506608775165638 2.5570839828829257
51 9067 newAPP 4.0 15.0 200.0 269.0522503452681
allowInformationToCentralPlanner 51 9067 [1.8684184051754729, 0.0, 0.0, 0.0] [504.042524620205, 0.0, 0.0, 0.0]
requestGoodsToTheCentralPlanner 51 9067 [1.8684184051754729, 0.0, 0.0, 0.0] [504.042524620205, 0.0, 0.0, 0.0]
concludeProduction 51 9067 1.8684184051754729 1.8544558307918884
52 9067 newAPP 8.0 15.0 400.0 270.90670617605997
allowInformationToCentralPlanner 52 9067 [1.8812965706670832, 0.0, 0.0, 0.0] [502.0026232063339, 0.0, 0.0, 0.0]
requestGoodsToTheCentralPlanner 52 9067 [1.8812965706670832, 0.0, 0.0, 0.0] [502.0026232063339, 0.0, 0.0, 0.0]
concludeProduction 52 9067 1.8812965706670832 2.0618730614884204
53 9067 newAPP 9.0 15.0 450.0 272.9685792375484
allowInformationToCentralPlanner 53 9067 [1.895615133594086, 0.0, 0.0, 0.0] [599.7345628386968, 0.0, 0.0, 0.0]
requestGoodsToTheCentralPlanner 53 9067 [1.895615133594086, 0.0, 0.0, 0.0] [599.7345628386968, 0.0, 0.0, 0.0]
concludeProduction 53 9067 1.895615133594086 3.239984158895137
54 9067 newAPP 4.0 15.0 200.0 276.20856339644354
allowInformationToCentralPlanner 54 9067 [1.9181150235864135, 0.0, 0.0, 0.0] [596.1705802639121, 0.0, 0.0, 0.0]
requestGoodsToTheCentralPlanner 54 9067 [1.9181150235864135, 0.0, 0.0, 0.0] [596.1705802639121, 0.0, 0.0, 0.0]
concludeProduction 54 9067 1.9181150235864135 2.8234859684200875
55 9067 newAPP 3.0 17.0 150.0 279.0320493648636
allowInformationToCentralPlanner 55 9067 [1.937722565033775, 0.0, 0.0, 0.0] [593.0647456986501, 0.0, 0.0, 0.0]
requestGoodsToTheCentralPlanner 55 9067 [1.937722565033775, 0.0, 0.0, 0.0] [593.0647456986501, 0.0, 0.0, 0.0]
concludeProduction 55 9067 1.937722565033775 2.932771140893328
56 9067 newAPP 4.0 17.0 200.0 281.96482050575696
allowInformationToCentralPlanner 56 9067 [1.9580890312899788, 0.0, 0.0, 0.0] [539.8386974436673, 0.0, 0.0, 0.0]
requestGoodsToTheCentralPlanner 56 9067 [1.9580890312899788, 0.0, 0.0, 0.0] [539.8386974436673, 0.0, 0.0, 0.0]
concludeProduction 56 9067 1.9580890312899788 2.5279489238335753
57 9067 newAPP 4.0 17.0 200.0 284.4927694295905
allowInformationToCentralPlanner 57 9067 [1.9756442321499341, 0.0, 0.0, 0.0] [537.0579536274504, 0.0, 0.0, 0.0]
requestGoodsToTheCentralPlanner 57 9067 [1.9756442321499341, 0.0, 0.0, 0.0] [537.0579536274504, 0.0, 0.0, 0.0]
concludeProduction 57 9067 1.9756442321499341 2.5521721665473507
58 9067 newAPP 3.0 17.0 150.0 287.04494159613785
allowInformationToCentralPlanner 58 9067 [1.9933676499731794, 0.0, 0.0, 0.0] [584.2505642442484, 0.0, 0.0, 0.0]
requestGoodsToTheCentralPlanner 58 9067 [1.9933676499731794, 0.0, 0.0, 0.0] [584.2505642442484, 0.0, 0.0, 0.0]
concludeProduction 58 9067 1.9933676499731794 2.682447107236281
59 9067 newAPP 2.0 17.0 100.0 289.7273887033742
allowInformationToCentralPlanner 59 9067 [2.011995754884543, 0.0, 0.0, 0.0] [281.2998724262884, 0.0, 0.0, 0.0]
requestGoodsToTheCentralPlanner 59 9067 [2.011995754884543, 0.0, 0.0, 0.0] [281.2998724262884, 0.0, 0.0, 0.0]
concludeProduction 59 9067 2.011995754884543 0.5039277129044364
60 9067 newAPP 8.0 17.0 400.0 290.2313164162786
allowInformationToCentralPlanner 60 9067 [2.015495252890824, 0.0, 0.0, 0.0] [440.74555194209347, 0.0, 0.0, 0.0]
requestGoodsToTheCentralPlanner 60 9067 [2.015495252890824, 0.0, 0.0, 0.0] [440.74555194209347, 0.0, 0.0, 0.0]
concludeProduction 60 9067 2.015495252890824 1.596298124499321
61 9067 newAPP 4.0 17.0 200.0 291.8276145407779
allowInformationToCentralPlanner 61 9067 [2.02658065653318, 0.0, 0.0, 0.0] [478.98962400514426, 0.0, 0.0, 0.0]
requestGoodsToTheCentralPlanner 61 9067 [2.02658065653318, 0.0, 0.0, 0.0] [478.98962400514426, 0.0, 0.0, 0.0]
concludeProduction 61 9067 2.02658065653318 2.1078056321187564
62 9067 newAPP 8.0 17.0 400.0 293.93542017289667
allowInformationToCentralPlanner 62 9067 [2.041218195645116, 0.0, 0.0, 0.0] [576.6710378098137, 0.0, 0.0, 0.0]
requestGoodsToTheCentralPlanner 62 9067 [2.041218195645116, 0.0, 0.0, 0.0] [576.6710378098137, 0.0, 0.0, 0.0]
concludeProduction 62 9067 2.041218195645116 2.7806625869582575
63 9067 newAPP 4.0 17.0 200.0 296.71608275985494
allowInformationToCentralPlanner 63 9067 [2.060528352498993, 0.0, 0.0, 0.0] [523.6123089641595, 0.0, 0.0, 0.0]
requestGoodsToTheCentralPlanner 63 9067 [2.060528352498993, 0.0, 0.0, 0.0] [523.6123089641595, 0.0, 0.0, 0.0]
concludeProduction 63 9067 2.060528352498993 2.479261359706603
64 9067 newAPP 3.0 17.0 150.0 299.1953441195616
allowInformationToCentralPlanner 64 9067 [2.0777454452747333, 0.0, 0.0, 0.0] [470.8851214684821, 0.0, 0.0, 0.0]
requestGoodsToTheCentralPlanner 64 9067 [2.0777454452747333, 0.0, 0.0, 0.0] [470.8851214684821, 0.0, 0.0, 0.0]
concludeProduction 64 9067 2.0777454452747333 1.6219953396928188
65 9067 newAPP 7.0 17.0 350.0 300.8173394592544
allowInformationToCentralPlanner 65 9067 [2.089009301800378, 0.0, 0.0, 0.0] [509.1009265948201, 0.0, 0.0, 0.0]
requestGoodsToTheCentralPlanner 65 9067 [2.089009301800378, 0.0, 0.0, 0.0] [509.1009265948201, 0.0, 0.0, 0.0]
concludeProduction 65 9067 2.089009301800378 2.219354790712282
66 9067 newAPP 3.0 17.0 150.0 303.0366942499667
allowInformationToCentralPlanner 66 9067 [2.1044214878469907, 0.0, 0.0, 0.0] [466.6596363250365, 0.0, 0.0, 0.0]
requestGoodsToTheCentralPlanner 66 9067 [2.1044214878469907, 0.0, 0.0, 0.0] [466.6596363250365, 0.0, 0.0, 0.0]
concludeProduction 66 9067 2.1044214878469907 1.9009429091951295
67 9067 newAPP 7.0 17.0 350.0 304.9376371591618
allowInformationToCentralPlanner 67 9067 [2.1176224802719568, 0.0, 0.0, 0.0] [414.568599124922, 0.0, 0.0, 0.0]
requestGoodsToTheCentralPlanner 67 9067 [2.1176224802719568, 0.0, 0.0, 0.0] [414.568599124922, 0.0, 0.0, 0.0]
concludeProduction 67 9067 2.1176224802719568 1.4946771157581669
68 9067 newAPP 3.0 17.0 150.0 306.43231427492
allowInformationToCentralPlanner 68 9067 [2.128002182464722, 0.0, 0.0, 0.0] [512.924454297588, 0.0, 0.0, 0.0]
requestGoodsToTheCentralPlanner 68 9067 [2.128002182464722, 0.0, 0.0, 0.0] [512.924454297588, 0.0, 0.0, 0.0]
concludeProduction 68 9067 2.128002182464722 2.105403038655467
69 9067 newAPP 3.0 17.0 150.0 308.5377173135754
allowInformationToCentralPlanner 69 9067 [2.1426230368998294, 0.0, 0.0, 0.0] [380.60851095506695, 0.0, 0.0, 0.0]
requestGoodsToTheCentralPlanner 69 9067 [2.1426230368998294, 0.0, 0.0, 0.0] [380.60851095506695, 0.0, 0.0, 0.0]
concludeProduction 69 9067 2.1426230368998294 0.9714079129735129
70 9067 newAPP 5.0 17.0 250.0 309.5091252265489
allowInformationToCentralPlanner 70 9067 [2.1493689251843673, 0.0, 0.0, 0.0] [609.539962250796, 0.0, 0.0, 0.0]
requestGoodsToTheCentralPlanner 70 9067 [2.1493689251843673, 0.0, 0.0, 0.0] [609.539962250796, 0.0, 0.0, 0.0]
concludeProduction 70 9067 2.1493689251843673 2.971788162306196
71 9067 newAPP 2.0 17.0 100.0 312.48091338885513
allowInformationToCentralPlanner 71 9067 [2.1700063429781604, 0.0, 0.0, 0.0] [496.2709952722593, 0.0, 0.0, 0.0]
requestGoodsToTheCentralPlanner 71 9067 [2.1700063429781604, 0.0, 0.0, 0.0] [496.2709952722593, 0.0, 0.0, 0.0]
concludeProduction 71 9067 2.1700063429781604 2.003233100829079
72 9067 newAPP 9.0 17.0 450.0 314.4841464896842
allowInformationToCentralPlanner 72 9067 [2.1839176839561403, 0.0, 0.0, 0.0] [604.0674388613472, 0.0, 0.0, 0.0]
requestGoodsToTheCentralPlanner 72 9067 [2.1839176839561403, 0.0, 0.0, 0.0] [604.0674388613472, 0.0, 0.0, 0.0]
concludeProduction 72 9067 2.1839176839561403 2.9715205835671346
73 9067 newAPP 4.0 18.0 200.0 317.4556670732513
allowInformationToCentralPlanner 73 9067 [2.204553243564245, 0.0, 0.0, 0.0] [490.79876621942356, 0.0, 0.0, 0.0]
requestGoodsToTheCentralPlanner 73 9067 [2.204553243564245, 0.0, 0.0, 0.0] [490.79876621942356, 0.0, 0.0, 0.0]
concludeProduction 73 9067 2.204553243564245 1.950082959408447
74 9067 newAPP 4.0 18.0 200.0 319.40575003265974
allowInformationToCentralPlanner 74 9067 [2.2180954863379148, 0.0, 0.0, 0.0] [448.65367496407424, 0.0, 0.0, 0.0]
requestGoodsToTheCentralPlanner 74 9067 [2.2180954863379148, 0.0, 0.0, 0.0] [448.65367496407424, 0.0, 0.0, 0.0]
concludeProduction 74 9067 2.2180954863379148 1.6112184219039993
75 9067 newAPP 4.0 18.0 200.0 321.0169684545637
allowInformationToCentralPlanner 75 9067 [2.2292845031566926, 0.0, 0.0, 0.0] [646.8813346999799, 0.0, 0.0, 0.0]
requestGoodsToTheCentralPlanner 75 9067 [2.2292845031566926, 0.0, 0.0, 0.0] [646.8813346999799, 0.0, 0.0, 0.0]
concludeProduction 75 9067 2.2292845031566926 3.1896131891655295
76 9067 newAPP 5.0 18.0 250.0 324.20658164372924
allowInformationToCentralPlanner 76 9067 [2.25143459474812, 0.0, 0.0, 0.0] [643.3727601918978, 0.0, 0.0, 0.0]
requestGoodsToTheCentralPlanner 76 9067 [2.25143459474812, 0.0, 0.0, 0.0] [643.3727601918978, 0.0, 0.0, 0.0]
concludeProduction 76 9067 2.25143459474812 3.1591800185644185
77 9067 newAPP 7.0 18.0 350.0 327.36576166229366
allowInformationToCentralPlanner 77 9067 [2.2733733448770392, 0.0, 0.0, 0.0] [719.8976621714769, 0.0, 0.0, 0.0]
requestGoodsToTheCentralPlanner 77 9067 [2.2733733448770392, 0.0, 0.0, 0.0] [719.8976621714769, 0.0, 0.0, 0.0]
concludeProduction 77 9067 2.2733733448770392 3.4707051374481512
78 9067 newAPP 4.0 18.0 200.0 330.8364667997418
allowInformationToCentralPlanner 78 9067 [2.297475463887096, 0.0, 0.0, 0.0] [586.0798865202837, 0.0, 0.0, 0.0]
requestGoodsToTheCentralPlanner 78 9067 [2.297475463887096, 0.0, 0.0, 0.0] [586.0798865202837, 0.0, 0.0, 0.0]
concludeProduction 78 9067 2.297475463887096 3.041005399177965
79 9067 newAPP 4.0 18.0 200.0 333.87747219891975
allowInformationToCentralPlanner 79 9067 [2.3185935569369427, 0.0, 0.0, 0.0] [582.734780581188, 0.0, 0.0, 0.0]
requestGoodsToTheCentralPlanner 79 9067 [2.3185935569369427, 0.0, 0.0, 0.0] [582.734780581188, 0.0, 0.0, 0.0]
concludeProduction 79 9067 2.3185935569369427 2.604944183756272
80 9067 newAPP 6.0 18.0 300.0 336.48241638267604
allowInformationToCentralPlanner 80 9067 [2.336683447101917, 0.0, 0.0, 0.0] [579.8693419790561, 0.0, 0.0, 0.0]
requestGoodsToTheCentralPlanner 80 9067 [2.336683447101917, 0.0, 0.0, 0.0] [579.8693419790561, 0.0, 0.0, 0.0]
concludeProduction 80 9067 2.336683447101917 2.4154816446973095
81 9067 newAPP 8.0 18.0 400.0 338.89789802737334
allowInformationToCentralPlanner 81 9067 [2.3534576251900927, 0.0, 0.0, 0.0] [647.2123121698892, 0.0, 0.0, 0.0]
requestGoodsToTheCentralPlanner 81 9067 [2.3534576251900927, 0.0, 0.0, 0.0] [647.2123121698892, 0.0, 0.0, 0.0]
concludeProduction 81 9067 2.3534576251900927 3.5598517871771604
82 9067 newAPP 7.0 18.0 350.0 342.4577498145505
allowInformationToCentralPlanner 82 9067 [2.3781788181566004, 0.0, 0.0, 0.0] [583.2964752039944, 0.0, 0.0, 0.0]
requestGoodsToTheCentralPlanner 82 9067 [2.3781788181566004, 0.0, 0.0, 0.0] [583.2964752039944, 0.0, 0.0, 0.0]
concludeProduction 82 9067 2.3781788181566004 2.702708150341402
83 9067 newAPP 8.0 18.0 400.0 345.1604579648919
allowInformationToCentralPlanner 83 9067 [2.396947624756194, 0.0, 0.0, 0.0] [580.3234962386189, 0.0, 0.0, 0.0]
requestGoodsToTheCentralPlanner 83 9067 [2.396947624756194, 0.0, 0.0, 0.0] [580.3234962386189, 0.0, 0.0, 0.0]
concludeProduction 83 9067 2.396947624756194 2.4521149968423495
84 9067 newAPP 2.0 18.0 100.0 347.61257296173426
allowInformationToCentralPlanner 84 9067 [2.4139762011231545, 0.0, 0.0, 0.0] [637.6261697420921, 0.0, 0.0, 0.0]
requestGoodsToTheCentralPlanner 84 9067 [2.4139762011231545, 0.0, 0.0, 0.0] [637.6261697420921, 0.0, 0.0, 0.0]
concludeProduction 84 9067 2.4139762011231545 3.3655922283812894
85 9067 newAPP 2.0 19.0 100.0 350.97816519011553
allowInformationToCentralPlanner 85 9067 [2.4373483693758025, 0.0, 0.0, 0.0] [463.9240182908729, 0.0, 0.0, 0.0]
requestGoodsToTheCentralPlanner 85 9067 [2.4373483693758025, 0.0, 0.0, 0.0] [463.9240182908729, 0.0, 0.0, 0.0]
concludeProduction 85 9067 2.4373483693758025 1.41606662607975
86 9067 newAPP 2.0 19.0 100.0 352.3942318161953
allowInformationToCentralPlanner 86 9067 [2.4471821653902452, 0.0, 0.0, 0.0] [512.3663450021852, 0.0, 0.0, 0.0]
requestGoodsToTheCentralPlanner 86 9067 [2.4471821653902452, 0.0, 0.0, 0.0] [512.3663450021852, 0.0, 0.0, 0.0]
concludeProduction 86 9067 2.4471821653902452 1.818807436675617
87 9067 newAPP 4.0 19.0 200.0 354.21303925287094
allowInformationToCentralPlanner 87 9067 [2.4598127725893817, 0.0, 0.0, 0.0] [410.3656568218419, 0.0, 0.0, 0.0]
requestGoodsToTheCentralPlanner 87 9067 [2.4598127725893817, 0.0, 0.0, 0.0] [410.3656568218419, 0.0, 0.0, 0.0]
concludeProduction 87 9067 2.4598127725893817 1.154218522383144
88 9067 newAPP 6.0 19.0 300.0 355.3672577752541
allowInformationToCentralPlanner 88 9067 [2.4678281789948198, 0.0, 0.0, 0.0] [449.0960164472205, 0.0, 0.0, 0.0]
requestGoodsToTheCentralPlanner 88 9067 [2.4678281789948198, 0.0, 0.0, 0.0] [449.0960164472205, 0.0, 0.0, 0.0]
concludeProduction 88 9067 2.4678281789948198 1.3382328768150829
89 9067 newAPP 8.0 19.0 400.0 356.70549065206916
allowInformationToCentralPlanner 89 9067 [2.477121462861591, 0.0, 0.0, 0.0] [447.6239602827239, 0.0, 0.0, 0.0]
requestGoodsToTheCentralPlanner 89 9067 [2.477121462861591, 0.0, 0.0, 0.0] [447.6239602827239, 0.0, 0.0, 0.0]
concludeProduction 89 9067 2.477121462861591 1.183067627548525
90 9067 newAPP 6.0 19.0 300.0 357.8885582796177
allowInformationToCentralPlanner 90 9067 [2.485337210275123, 0.0, 0.0, 0.0] [606.3225858924204, 0.0, 0.0, 0.0]
requestGoodsToTheCentralPlanner 90 9067 [2.485337210275123, 0.0, 0.0, 0.0] [606.3225858924204, 0.0, 0.0, 0.0]
concludeProduction 90 9067 2.485337210275123 2.896629518375695
91 9067 newAPP 4.0 19.0 200.0 360.7851877979934
allowInformationToCentralPlanner 91 9067 [2.5054526930416205, 0.0, 0.0, 0.0] [553.136293422207, 0.0, 0.0, 0.0]
requestGoodsToTheCentralPlanner 91 9067 [2.5054526930416205, 0.0, 0.0, 0.0] [553.136293422207, 0.0, 0.0, 0.0]
concludeProduction 91 9067 2.5054526930416205 2.2316188894291873
92 9067 newAPP 4.0 19.0 200.0 363.0168066874226
allowInformationToCentralPlanner 92 9067 [2.5209500464404346, 0.0, 0.0, 0.0] [500.6815126438351, 0.0, 0.0, 0.0]
requestGoodsToTheCentralPlanner 92 9067 [2.5209500464404346, 0.0, 0.0, 0.0] [500.6815126438351, 0.0, 0.0, 0.0]
concludeProduction 92 9067 2.5209500464404346 1.8803524311150097
93 9067 newAPP 3.0 19.0 150.0 364.8971591185376
allowInformationToCentralPlanner 93 9067 [2.534008049434289, 0.0, 0.0, 0.0] [498.6131249696086, 0.0, 0.0, 0.0]
requestGoodsToTheCentralPlanner 93 9067 [2.534008049434289, 0.0, 0.0, 0.0] [498.6131249696086, 0.0, 0.0, 0.0]
concludeProduction 93 9067 2.534008049434289 1.9826346682411828
94 9067 newAPP 6.0 19.0 300.0 366.8797937867788
allowInformationToCentralPlanner 94 9067 [2.5477763457415197, 0.0, 0.0, 0.0] [496.43222683454326, 0.0, 0.0, 0.0]
requestGoodsToTheCentralPlanner 94 9067 [2.5477763457415197, 0.0, 0.0, 0.0] [496.43222683454326, 0.0, 0.0, 0.0]
concludeProduction 94 9067 2.5477763457415197 1.7220402283123546
95 9067 newAPP 2.0 19.0 100.0 368.6018340150912
allowInformationToCentralPlanner 95 9067 [2.559734958438133, 0.0, 0.0, 0.0] [394.53798258339964, 0.0, 0.0, 0.0]
requestGoodsToTheCentralPlanner 95 9067 [2.559734958438133, 0.0, 0.0, 0.0] [394.53798258339964, 0.0, 0.0, 0.0]
concludeProduction 95 9067 2.559734958438133 0.7378235820396815
96 9067 newAPP 4.0 19.0 200.0 369.3396575971309
allowInformationToCentralPlanner 96 9067 [2.564858733313409, 0.0, 0.0, 0.0] [353.72637664315596, 0.0, 0.0, 0.0]
requestGoodsToTheCentralPlanner 96 9067 [2.564858733313409, 0.0, 0.0, 0.0] [353.72637664315596, 0.0, 0.0, 0.0]
concludeProduction 96 9067 2.564858733313409 0.3525988937822553
97 9067 newAPP 4.0 17.0 200.0 369.6922564909131
allowInformationToCentralPlanner 97 9067 [2.567307336742452, 0.0, 0.0, 0.0] [353.33851785999553, 0.0, 0.0, 0.0]
requestGoodsToTheCentralPlanner 97 9067 [2.567307336742452, 0.0, 0.0, 0.0] [353.33851785999553, 0.0, 0.0, 0.0]
concludeProduction 97 9067 2.567307336742452 0.5525052484769386
98 9067 newAPP 2.0 17.0 100.0 370.24476173939007
allowInformationToCentralPlanner 98 9067 [2.5711441787457643, 0.0, 0.0, 0.0] [352.7307620866709, 0.0, 0.0, 0.0]
requestGoodsToTheCentralPlanner 98 9067 [2.5711441787457643, 0.0, 0.0, 0.0] [352.7307620866709, 0.0, 0.0, 0.0]
concludeProduction 98 9067 2.5711441787457643 0.5147094292868482
99 9067 newAPP 8.0 17.0 400.0 370.7594711686769
allowInformationToCentralPlanner 99 9067 [2.5747185497824785, 0.0, 0.0, 0.0] [272.1645817144554, 0.0, 0.0, 0.0]
requestGoodsToTheCentralPlanner 99 9067 [2.5747185497824785, 0.0, 0.0, 0.0] [272.1645817144554, 0.0, 0.0, 0.0]
concludeProduction 99 9067 2.351400492315425 0.0
100 9067 newAPP 6.0 17.0 300.0 370.53615311120984
allowInformationToCentralPlanner 100 9067 [2.573167729938957, 0.0, 0.0, 0.0] [272.41023157766915, 0.0, 0.0, 0.0]
requestGoodsToTheCentralPlanner 100 9067 [2.573167729938957, 0.0, 0.0, 0.0] [272.41023157766915, 0.0, 0.0, 0.0]
concludeProduction 100 9067 2.3141612178592763 0.0
101 9067 newAPP 3.0 17.0 150.0 370.27714659913016
allowInformationToCentralPlanner 101 9067 [2.5713690736050707, 0.0, 0.0, 0.0] [392.6951387409567, 0.0, 0.0, 0.0]
requestGoodsToTheCentralPlanner 101 9067 [2.5713690736050707, 0.0, 0.0, 0.0] [392.6951387409567, 0.0, 0.0, 0.0]
concludeProduction 101 9067 2.5713690736050707 0.9090296745452355
102 9067 newAPP 7.0 17.0 350.0 371.1861762736754
allowInformationToCentralPlanner 102 9067 [2.5776817796783016, 0.0, 0.0, 0.0] [391.6952060989569, 0.0, 0.0, 0.0]
requestGoodsToTheCentralPlanner 102 9067 [2.5776817796783016, 0.0, 0.0, 0.0] [391.6952060989569, 0.0, 0.0, 0.0]
concludeProduction 102 9067 2.5776817796783016 0.9016181449409615
103 9067 newAPP 4.0 17.0 200.0 372.0877944186164
allowInformationToCentralPlanner 103 9067 [2.5839430167959474, 0.0, 0.0, 0.0] [390.7034261395218, 0.0, 0.0, 0.0]
requestGoodsToTheCentralPlanner 103 9067 [2.5839430167959474, 0.0, 0.0, 0.0] [390.7034261395218, 0.0, 0.0, 0.0]
concludeProduction 103 9067 2.5839430167959474 0.7230155254068076
104 9067 newAPP 2.0 17.0 100.0 372.8108099440232
allowInformationToCentralPlanner 104 9067 [2.5889639579446055, 0.0, 0.0, 0.0] [439.9081090615744, 0.0, 0.0, 0.0]
requestGoodsToTheCentralPlanner 104 9067 [2.5889639579446055, 0.0, 0.0, 0.0] [439.9081090615744, 0.0, 0.0, 0.0]
concludeProduction 104 9067 2.5889639579446055 1.2950115149337944
105 9067 newAPP 4.0 17.0 200.0 374.105821458957
allowInformationToCentralPlanner 105 9067 [2.597957093464979, 0.0, 0.0, 0.0] [268.4835963951473, 0.0, 0.0, 0.0]
requestGoodsToTheCentralPlanner 105 9067 [2.597957093464979, 0.0, 0.0, 0.0] [268.4835963951473, 0.0, 0.0, 0.0]
concludeProduction 105 9067 2.326376307966012 0.0
106 9067 newAPP 5.0 17.0 250.0 373.83424067345805
allowInformationToCentralPlanner 106 9067 [2.596071115787903, 0.0, 0.0, 0.0] [308.782335259196, 0.0, 0.0, 0.0]
requestGoodsToTheCentralPlanner 106 9067 [2.596071115787903, 0.0, 0.0, 0.0] [308.782335259196, 0.0, 0.0, 0.0]
concludeProduction 106 9067 2.596071115787903 0.10124650784591305
107 9067 newAPP 5.0 17.0 250.0 373.935487181304
allowInformationToCentralPlanner 107 9067 [2.5967742165368333, 0.0, 0.0, 0.0] [308.67096410056547, 0.0, 0.0, 0.0]
requestGoodsToTheCentralPlanner 107 9067 [2.5967742165368333, 0.0, 0.0, 0.0] [308.67096410056547, 0.0, 0.0, 0.0]
concludeProduction 107 9067 2.563685162619517 0.0
108 9067 newAPP 4.0 17.0 200.0 373.9023981273866
allowInformationToCentralPlanner 108 9067 [2.5965444314401847, 0.0, 0.0, 0.0] [388.7073620598747, 0.0, 0.0, 0.0]
requestGoodsToTheCentralPlanner 108 9067 [2.5965444314401847, 0.0, 0.0, 0.0] [388.7073620598747, 0.0, 0.0, 0.0]
concludeProduction 108 9067 2.5965444314401847 0.7527319035944933
109 9067 newAPP 6.0 17.0 300.0 374.6551300309811
allowInformationToCentralPlanner 109 9067 [2.601771736326258, 0.0, 0.0, 0.0] [347.87935696592075, 0.0, 0.0, 0.0]
requestGoodsToTheCentralPlanner 109 9067 [2.601771736326258, 0.0, 0.0, 0.0] [347.87935696592075, 0.0, 0.0, 0.0]
concludeProduction 109 9067 2.601771736326258 0.45400923405081217
110 9067 newAPP 2.0 17.0 100.0 375.1091392650319
allowInformationToCentralPlanner 110 9067 [2.6049245782293884, 0.0, 0.0, 0.0] [307.37994680846475, 0.0, 0.0, 0.0]
requestGoodsToTheCentralPlanner 110 9067 [2.6049245782293884, 0.0, 0.0, 0.0] [307.37994680846475, 0.0, 0.0, 0.0]
concludeProduction 110 9067 2.530014874908019 0.0
111 9067 newAPP 4.0 17.0 200.0 375.03422956171056
allowInformationToCentralPlanner 111 9067 [2.6044043719563232, 0.0, 0.0, 0.0] [307.4623474821182, 0.0, 0.0, 0.0]
requestGoodsToTheCentralPlanner 111 9067 [2.6044043719563232, 0.0, 0.0, 0.0] [307.4623474821182, 0.0, 0.0, 0.0]
concludeProduction 111 9067 2.6044043719563232 0.21747398463440826
112 9067 newAPP 3.0 17.0 150.0 375.25170354634497
allowInformationToCentralPlanner 112 9067 [2.605914607960729, 0.0, 0.0, 0.0] [307.22312609902036, 0.0, 0.0, 0.0]
requestGoodsToTheCentralPlanner 112 9067 [2.605914607960729, 0.0, 0.0, 0.0] [307.22312609902036, 0.0, 0.0, 0.0]
concludeProduction 112 9067 2.6012998703473853 0.0
113 9067 newAPP 5.0 17.0 250.0 375.2470888087316
allowInformationToCentralPlanner 113 9067 [2.605882561171747, 0.0, 0.0, 0.0] [307.22820231039515, 0.0, 0.0, 0.0]
requestGoodsToTheCentralPlanner 113 9067 [2.605882561171747, 0.0, 0.0, 0.0] [307.22820231039515, 0.0, 0.0, 0.0]
concludeProduction 113 9067 2.605882561171747 0.1427862361367005
114 9067 newAPP 4.0 17.0 200.0 375.38987504486823
allowInformationToCentralPlanner 114 9067 [2.6068741322560296, 0.0, 0.0, 0.0] [267.0711374506449, 0.0, 0.0, 0.0]
requestGoodsToTheCentralPlanner 114 9067 [2.6068741322560296, 0.0, 0.0, 0.0] [267.0711374506449, 0.0, 0.0, 0.0]
concludeProduction 114 9067 2.199267453504284 0.0
115 9067 newAPP 6.0 15.0 300.0 374.98226836611644
allowInformationToCentralPlanner 115 9067 [2.604043530320253, 0.0, 0.0, 0.0] [307.5195047972718, 0.0, 0.0, 0.0]
requestGoodsToTheCentralPlanner 115 9067 [2.604043530320253, 0.0, 0.0, 0.0] [307.5195047972718, 0.0, 0.0, 0.0]
concludeProduction 115 9067 2.604043530320253 0.2282187750680853
116 9067 newAPP 4.0 15.0 200.0 375.2104871411845
allowInformationToCentralPlanner 116 9067 [2.6056283829248925, 0.0, 0.0, 0.0] [267.268464144697, 0.0, 0.0, 0.0]
requestGoodsToTheCentralPlanner 116 9067 [2.6056283829248925, 0.0, 0.0, 0.0] [267.268464144697, 0.0, 0.0, 0.0]
concludeProduction 116 9067 2.2782469284710647 0.0
117 9067 newAPP 4.0 15.0 200.0 374.88310568673063
allowInformationToCentralPlanner 117 9067 [2.6033549006022962, 0.0, 0.0, 0.0] [267.62858374459626, 0.0, 0.0, 0.0]
requestGoodsToTheCentralPlanner 117 9067 [2.6033549006022962, 0.0, 0.0, 0.0] [267.62858374459626, 0.0, 0.0, 0.0]
concludeProduction 117 9067 2.2219986868585218 0.0
118 9067 newAPP 5.0 15.0 250.0 374.50174947298683
allowInformationToCentralPlanner 118 9067 [2.6007065935624087, 0.0, 0.0, 0.0] [268.04807557971446, 0.0, 0.0, 0.0]
requestGoodsToTheCentralPlanner 118 9067 [2.6007065935624087, 0.0, 0.0, 0.0] [268.04807557971446, 0.0, 0.0, 0.0]
concludeProduction 118 9067 2.406997779498058 0.0
119 9067 newAPP 5.0 15.0 250.0 374.3080406589225
allowInformationToCentralPlanner 119 9067 [2.5993613934647395, 0.0, 0.0, 0.0] [388.2611552751851, 0.0, 0.0, 0.0]
requestGoodsToTheCentralPlanner 119 9067 [2.5993613934647395, 0.0, 0.0, 0.0] [388.2611552751851, 0.0, 0.0, 0.0]
concludeProduction 119 9067 2.5993613934647395 0.8178187627823585
120 9067 newAPP 4.0 15.0 200.0 375.12585942170483
allowInformationToCentralPlanner 120 9067 [2.6050406904285057, 0.0, 0.0, 0.0] [387.36155463612454, 0.0, 0.0, 0.0]
requestGoodsToTheCentralPlanner 120 9067 [2.6050406904285057, 0.0, 0.0, 0.0] [387.36155463612454, 0.0, 0.0, 0.0]
concludeProduction 120 9067 2.6050406904285057 0.7920709586875061
121 9067 newAPP 7.0 15.0 350.0 375.91793038039236
allowInformationToCentralPlanner 121 9067 [2.610541183197169, 0.0, 0.0, 0.0] [336.49027658156837, 0.0, 0.0, 0.0]
requestGoodsToTheCentralPlanner 121 9067 [2.610541183197169, 0.0, 0.0, 0.0] [336.49027658156837, 0.0, 0.0, 0.0]
concludeProduction 121 9067 2.610541183197169 0.1117006029905272
122 9067 newAPP 8.0 15.0 400.0 376.0296309833829
allowInformationToCentralPlanner 122 9067 [2.611316881829048, 0.0, 0.0, 0.0] [486.3674059182788, 0.0, 0.0, 0.0]
requestGoodsToTheCentralPlanner 122 9067 [2.611316881829048, 0.0, 0.0, 0.0] [486.3674059182788, 0.0, 0.0, 0.0]
concludeProduction 122 9067 2.611316881829048 1.6247015022314666
123 9067 newAPP 5.0 15.0 250.0 377.65433248561436
allowInformationToCentralPlanner 123 9067 [2.6225995311500996, 0.0, 0.0, 0.0] [544.5802342658242, 0.0, 0.0, 0.0]
requestGoodsToTheCentralPlanner 123 9067 [2.6225995311500996, 0.0, 0.0, 0.0] [544.5802342658242, 0.0, 0.0, 0.0]
concludeProduction 123 9067 2.6225995311500996 2.0657301608629592
124 9067 newAPP 7.0 15.0 350.0 379.7200626464773
allowInformationToCentralPlanner 124 9067 [2.6369448794894255, 0.0, 0.0, 0.0] [422.30793108887497, 0.0, 0.0, 0.0]
requestGoodsToTheCentralPlanner 124 9067 [2.6369448794894255, 0.0, 0.0, 0.0] [422.30793108887497, 0.0, 0.0, 0.0]
concludeProduction 124 9067 2.6369448794894255 0.76874528810868
125 9067 newAPP 6.0 15.0 300.0 380.48880793458596
allowInformationToCentralPlanner 125 9067 [2.642283388434625, 0.0, 0.0, 0.0] [421.4623112719554, 0.0, 0.0, 0.0]
requestGoodsToTheCentralPlanner 125 9067 [2.642283388434625, 0.0, 0.0, 0.0] [421.4623112719554, 0.0, 0.0, 0.0]
concludeProduction 125 9067 2.642283388434625 1.0409712392547252
126 9067 newAPP 2.0 15.0 100.0 381.52977917384067
allowInformationToCentralPlanner 126 9067 [2.6495123553738935, 0.0, 0.0, 0.0] [480.31724290877526, 0.0, 0.0, 0.0]
requestGoodsToTheCentralPlanner 126 9067 [2.6495123553738935, 0.0, 0.0, 0.0] [480.31724290877526, 0.0, 0.0, 0.0]
concludeProduction 126 9067 2.6495123553738935 1.2918047671276711
127 9067 newAPP 3.0 17.0 150.0 382.82158394096837
allowInformationToCentralPlanner 127 9067 [2.6584832218122805, 0.0, 0.0, 0.0] [428.89625766493475, 0.0, 0.0, 0.0]
requestGoodsToTheCentralPlanner 127 9067 [2.6584832218122805, 0.0, 0.0, 0.0] [428.89625766493475, 0.0, 0.0, 0.0]
concludeProduction 127 9067 2.6584832218122805 0.854112686491967
128 9067 newAPP 5.0 17.0 250.0 383.67569662746035
allowInformationToCentralPlanner 128 9067 [2.664414559912919, 0.0, 0.0, 0.0] [427.9567337097936, 0.0, 0.0, 0.0]
requestGoodsToTheCentralPlanner 128 9067 [2.664414559912919, 0.0, 0.0, 0.0] [427.9567337097936, 0.0, 0.0, 0.0]
concludeProduction 128 9067 2.664414559912919 0.9385151061293282
129 9067 newAPP 4.0 17.0 200.0 384.6142117335897
allowInformationToCentralPlanner 129 9067 [2.6709320259277063, 0.0, 0.0, 0.0] [426.92436709305133, 0.0, 0.0, 0.0]
requestGoodsToTheCentralPlanner 129 9067 [2.6709320259277063, 0.0, 0.0, 0.0] [426.92436709305133, 0.0, 0.0, 0.0]
concludeProduction 129 9067 2.6709320259277063 0.9508576597438809
130 9067 newAPP 6.0 17.0 300.0 385.5650693933336
allowInformationToCentralPlanner 130 9067 [2.6775352041203724, 0.0, 0.0, 0.0] [255.87842366733298, 0.0, 0.0, 0.0]
requestGoodsToTheCentralPlanner 130 9067 [2.6775352041203724, 0.0, 0.0, 0.0] [255.87842366733298, 0.0, 0.0, 0.0]
concludeProduction 130 9067 2.2482486819740526 0.0
131 9067 newAPP 4.0 17.0 200.0 385.1357828711873
allowInformationToCentralPlanner 131 9067 [2.6745540477165783, 0.0, 0.0, 0.0] [256.3506388416939, 0.0, 0.0, 0.0]
requestGoodsToTheCentralPlanner 131 9067 [2.6745540477165783, 0.0, 0.0, 0.0] [256.3506388416939, 0.0, 0.0, 0.0]
concludeProduction 131 9067 2.170125917687783 0.0
132 9067 newAPP 5.0 17.0 250.0 384.6313547411585
allowInformationToCentralPlanner 132 9067 [2.6710510745913782, 0.0, 0.0, 0.0] [326.90550978472567, 0.0, 0.0, 0.0]
requestGoodsToTheCentralPlanner 132 9067 [2.6710510745913782, 0.0, 0.0, 0.0] [326.90550978472567, 0.0, 0.0, 0.0]
concludeProduction 132 9067 2.6710510745913782 0.041166081756206285
133 9067 newAPP 9.0 17.0 450.0 384.6725208229147
allowInformationToCentralPlanner 133 9067 [2.6713369501591298, 0.0, 0.0, 0.0] [226.8602270947937, 0.0, 0.0, 0.0]
requestGoodsToTheCentralPlanner 133 9067 [2.6713369501591298, 0.0, 0.0, 0.0] [226.8602270947937, 0.0, 0.0, 0.0]
concludeProduction 133 9067 1.9772186564377214 0.0
134 9067 newAPP 2.0 17.0 100.0 383.9784025291933
allowInformationToCentralPlanner 134 9067 [2.6665166842305092, 0.0, 0.0, 0.0] [327.6237572178873, 0.0, 0.0, 0.0]
requestGoodsToTheCentralPlanner 134 9067 [2.6665166842305092, 0.0, 0.0, 0.0] [327.6237572178873, 0.0, 0.0, 0.0]
concludeProduction 134 9067 2.6665166842305092 0.24572209532721656
135 9067 newAPP 4.0 17.0 200.0 384.2241246245206
allowInformationToCentralPlanner 135 9067 [2.668223087670282, 0.0, 0.0, 0.0] [327.35346291302733, 0.0, 0.0, 0.0]
requestGoodsToTheCentralPlanner 135 9067 [2.668223087670282, 0.0, 0.0, 0.0] [327.35346291302733, 0.0, 0.0, 0.0]
concludeProduction 135 9067 2.668223087670282 0.10251067529035307
136 9067 newAPP 5.0 17.0 250.0 384.3266352998109
allowInformationToCentralPlanner 136 9067 [2.6689349673597977, 0.0, 0.0, 0.0] [327.24070117020796, 0.0, 0.0, 0.0]
requestGoodsToTheCentralPlanner 136 9067 [2.6689349673597977, 0.0, 0.0, 0.0] [327.24070117020796, 0.0, 0.0, 0.0]
concludeProduction 136 9067 2.627597753450463 0.0
137 9067 newAPP 2.0 17.0 100.0 384.28529808590156
allowInformationToCentralPlanner 137 9067 [2.6686479033743162, 0.0, 0.0, 0.0] [257.28617210550823, 0.0, 0.0, 0.0]
requestGoodsToTheCentralPlanner 137 9067 [2.6686479033743162, 0.0, 0.0, 0.0] [257.28617210550823, 0.0, 0.0, 0.0]
concludeProduction 137 9067 2.3050435774849114 0.0
138 9067 newAPP 4.0 17.0 200.0 383.92169376001215
allowInformationToCentralPlanner 138 9067 [2.6661228733334177, 0.0, 0.0, 0.0] [297.6861368639865, 0.0, 0.0, 0.0]
requestGoodsToTheCentralPlanner 138 9067 [2.6661228733334177, 0.0, 0.0, 0.0] [297.6861368639865, 0.0, 0.0, 0.0]
concludeProduction 138 9067 2.4211384922468167 0.0
139 9067 newAPP 7.0 16.0 350.0 383.6767093789256
allowInformationToCentralPlanner 139 9067 [2.664421592909205, 0.0, 0.0, 0.0] [297.95561968318174, 0.0, 0.0, 0.0]
requestGoodsToTheCentralPlanner 139 9067 [2.664421592909205, 0.0, 0.0, 0.0] [297.95561968318174, 0.0, 0.0, 0.0]
concludeProduction 139 9067 2.617320687631815 0.0
140 9067 newAPP 3.0 16.0 150.0 383.6296084736482
allowInformationToCentralPlanner 140 9067 [2.6640945032892236, 0.0, 0.0, 0.0] [218.00743067898696, 0.0, 0.0, 0.0]
requestGoodsToTheCentralPlanner 140 9067 [2.6640945032892236, 0.0, 0.0, 0.0] [218.00743067898696, 0.0, 0.0, 0.0]
concludeProduction 140 9067 1.8142445526123636 0.0
141 9067 newAPP 5.0 16.0 250.0 382.77975852297135
allowInformationToCentralPlanner 141 9067 [2.6581927675206343, 0.0, 0.0, 0.0] [218.94226562473148, 0.0, 0.0, 0.0]
requestGoodsToTheCentralPlanner 141 9067 [2.6581927675206343, 0.0, 0.0, 0.0] [218.94226562473148, 0.0, 0.0, 0.0]
concludeProduction 141 9067 1.8311368764133928 0.0
142 9067 newAPP 8.0 16.0 400.0 381.9527026318641
allowInformationToCentralPlanner 142 9067 [2.6524493238323896, 0.0, 0.0, 0.0] [379.85202710494934, 0.0, 0.0, 0.0]
requestGoodsToTheCentralPlanner 142 9067 [2.6524493238323896, 0.0, 0.0, 0.0] [379.85202710494934, 0.0, 0.0, 0.0]
concludeProduction 142 9067 2.6524493238323896 0.3486004849245492
143 9067 newAPP 5.0 16.0 250.0 382.30130311678863
allowInformationToCentralPlanner 143 9067 [2.6548701605332545, 0.0, 0.0, 0.0] [329.46856657153245, 0.0, 0.0, 0.0]
requestGoodsToTheCentralPlanner 143 9067 [2.6548701605332545, 0.0, 0.0, 0.0] [329.46856657153245, 0.0, 0.0, 0.0]
concludeProduction 143 9067 2.6548701605332545 0.16075236849265995
144 9067 newAPP 3.0 16.0 150.0 382.46205548528127
allowInformationToCentralPlanner 144 9067 [2.655986496425564, 0.0, 0.0, 0.0] [379.29173896619045, 0.0, 0.0, 0.0]
requestGoodsToTheCentralPlanner 144 9067 [2.655986496425564, 0.0, 0.0, 0.0] [379.29173896619045, 0.0, 0.0, 0.0]
concludeProduction 144 9067 2.655986496425564 0.5010619791732669
145 9067 newAPP 4.0 16.0 200.0 382.96311746445457
allowInformationToCentralPlanner 145 9067 [2.659466093503157, 0.0, 0.0, 0.0] [478.74057078909993, 0.0, 0.0, 0.0]
requestGoodsToTheCentralPlanner 145 9067 [2.659466093503157, 0.0, 0.0, 0.0] [478.74057078909993, 0.0, 0.0, 0.0]
concludeProduction 145 9067 2.659466093503157 1.3378717777518312
146 9067 newAPP 3.0 16.0 150.0 384.3009892422064
allowInformationToCentralPlanner 146 9067 [2.6687568697375443, 0.0, 0.0, 0.0] [577.2689118335729, 0.0, 0.0, 0.0]
requestGoodsToTheCentralPlanner 146 9067 [2.6687568697375443, 0.0, 0.0, 0.0] [577.2689118335729, 0.0, 0.0, 0.0]
concludeProduction 146 9067 2.6687568697375443 2.4115294586504286
147 9067 newAPP 4.0 16.0 200.0 386.71251870085683
allowInformationToCentralPlanner 147 9067 [2.6855036020892835, 0.0, 0.0, 0.0] [334.61622942905746, 0.0, 0.0, 0.0]
requestGoodsToTheCentralPlanner 147 9067 [2.6855036020892835, 0.0, 0.0, 0.0] [334.61622942905746, 0.0, 0.0, 0.0]
concludeProduction 147 9067 2.6855036020892835 0.14687321240725115
148 9067 newAPP 3.0 16.0 150.0 386.85939191326406
allowInformationToCentralPlanner 148 9067 [2.6865235549532227, 0.0, 0.0, 0.0] [414.4546688954095, 0.0, 0.0, 0.0]
requestGoodsToTheCentralPlanner 148 9067 [2.6865235549532227, 0.0, 0.0, 0.0] [414.4546688954095, 0.0, 0.0, 0.0]
concludeProduction 148 9067 2.6865235549532227 0.630415053760899
149 9067 newAPP 4.0 16.0 200.0 387.48980696702495
allowInformationToCentralPlanner 149 9067 [2.6909014372710067, 0.0, 0.0, 0.0] [453.7612123362724, 0.0, 0.0, 0.0]
requestGoodsToTheCentralPlanner 149 9067 [2.6909014372710067, 0.0, 0.0, 0.0] [453.7612123362724, 0.0, 0.0, 0.0]
concludeProduction 149 9067 2.6909014372710067 1.042435054456572
150 9067 newAPP 3.0 16.0 150.0 388.5322420214815
allowInformationToCentralPlanner 150 9067 [2.6981405695936216, 0.0, 0.0, 0.0] [452.6145337763702, 0.0, 0.0, 0.0]
requestGoodsToTheCentralPlanner 150 9067 [2.6981405695936216, 0.0, 0.0, 0.0] [452.6145337763702, 0.0, 0.0, 0.0]
concludeProduction 150 9067 2.6981405695936216 1.321952823170486
151 9067 newAPP 4.0 16.0 200.0 389.854194844652
allowInformationToCentralPlanner 151 9067 [2.7073207975323057, 0.0, 0.0, 0.0] [451.16038567088265, 0.0, 0.0, 0.0]
requestGoodsToTheCentralPlanner 151 9067 [2.7073207975323057, 0.0, 0.0, 0.0] [451.16038567088265, 0.0, 0.0, 0.0]
concludeProduction 151 9067 2.7073207975323057 1.0585014433676592
152 9067 newAPP 2.0 16.0 100.0 390.9126962880197
allowInformationToCentralPlanner 152 9067 [2.7146715020001366, 0.0, 0.0, 0.0] [229.9960340831783, 0.0, 0.0, 0.0]
requestGoodsToTheCentralPlanner 152 9067 [2.7146715020001366, 0.0, 0.0, 0.0] [229.9960340831783, 0.0, 0.0, 0.0]
concludeProduction 152 9067 2.0043881582725627 0.0
153 9067 newAPP 6.0 16.0 300.0 390.20241294429206
allowInformationToCentralPlanner 153 9067 [2.709738978779806, 0.0, 0.0, 0.0] [450.7773457612786, 0.0, 0.0, 0.0]
requestGoodsToTheCentralPlanner 153 9067 [2.709738978779806, 0.0, 0.0, 0.0] [450.7773457612786, 0.0, 0.0, 0.0]
concludeProduction 153 9067 2.709738978779806 1.261714907546014
154 9067 newAPP 4.0 16.0 200.0 391.4641278518381
allowInformationToCentralPlanner 154 9067 [2.718500887859987, 0.0, 0.0, 0.0] [409.3894593629781, 0.0, 0.0, 0.0]
requestGoodsToTheCentralPlanner 154 9067 [2.718500887859987, 0.0, 0.0, 0.0] [409.3894593629781, 0.0, 0.0, 0.0]
concludeProduction 154 9067 2.718500887859987 0.7852789185279558
155 9067 newAPP 5.0 16.0 250.0 392.2494067703661
allowInformationToCentralPlanner 155 9067 [2.723954213683098, 0.0, 0.0, 0.0] [408.52565255259725, 0.0, 0.0, 0.0]
requestGoodsToTheCentralPlanner 155 9067 [2.723954213683098, 0.0, 0.0, 0.0] [408.52565255259725, 0.0, 0.0, 0.0]
concludeProduction 155 9067 2.723954213683098 0.5748811134547003
156 9067 newAPP 4.0 16.0 200.0 392.8242878838208
allowInformationToCentralPlanner 156 9067 [2.727946443637644, 0.0, 0.0, 0.0] [327.8932833277971, 0.0, 0.0, 0.0]
requestGoodsToTheCentralPlanner 156 9067 [2.727946443637644, 0.0, 0.0, 0.0] [327.8932833277971, 0.0, 0.0, 0.0]
concludeProduction 156 9067 2.727946443637644 0.06181810705487045
157 9067 newAPP 4.0 16.0 200.0 392.88610599087565
allowInformationToCentralPlanner 157 9067 [2.7283757360477474, 0.0, 0.0, 0.0] [327.8252834100368, 0.0, 0.0, 0.0]
requestGoodsToTheCentralPlanner 157 9067 [2.7283757360477474, 0.0, 0.0, 0.0] [327.8252834100368, 0.0, 0.0, 0.0]
concludeProduction 157 9067 2.618692340095904 0.0
158 9067 newAPP 6.0 16.0 300.0 392.7764225949238
allowInformationToCentralPlanner 158 9067 [2.727614045798082, 0.0, 0.0, 0.0] [467.94593514558375, 0.0, 0.0, 0.0]
requestGoodsToTheCentralPlanner 158 9067 [2.727614045798082, 0.0, 0.0, 0.0] [467.94593514558375, 0.0, 0.0, 0.0]
concludeProduction 158 9067 2.727614045798082 1.2485728009909471
159 9067 newAPP 3.0 16.0 150.0 394.02499539591474
allowInformationToCentralPlanner 159 9067 [2.736284690249408, 0.0, 0.0, 0.0] [366.5725050644937, 0.0, 0.0, 0.0]
requestGoodsToTheCentralPlanner 159 9067 [2.736284690249408, 0.0, 0.0, 0.0] [366.5725050644937, 0.0, 0.0, 0.0]
concludeProduction 159 9067 2.736284690249408 0.3235732231113273
160 9067 newAPP 5.0 16.0 250.0 394.3485686190261
allowInformationToCentralPlanner 160 9067 [2.7385317265210145, 0.0, 0.0, 0.0] [366.2165745190713, 0.0, 0.0, 0.0]
requestGoodsToTheCentralPlanner 160 9067 [2.7385317265210145, 0.0, 0.0, 0.0] [366.2165745190713, 0.0, 0.0, 0.0]
concludeProduction 160 9067 2.7385317265210145 0.30516123458941236
161 9067 newAPP 5.0 16.0 250.0 394.6537298536155
allowInformationToCentralPlanner 161 9067 [2.740650901761219, 0.0, 0.0, 0.0] [365.8808971610229, 0.0, 0.0, 0.0]
requestGoodsToTheCentralPlanner 161 9067 [2.740650901761219, 0.0, 0.0, 0.0] [365.8808971610229, 0.0, 0.0, 0.0]
concludeProduction 161 9067 2.740650901761219 0.3297123299563296
162 9067 newAPP 6.0 16.0 300.0 394.9834421835718
allowInformationToCentralPlanner 162 9067 [2.7429405707192487, 0.0, 0.0, 0.0] [615.518213598071, 0.0, 0.0, 0.0]
requestGoodsToTheCentralPlanner 162 9067 [2.7429405707192487, 0.0, 0.0, 0.0] [615.518213598071, 0.0, 0.0, 0.0]
concludeProduction 162 9067 2.7429405707192487 2.2760984857945177
163 9067 newAPP 3.0 20.0 150.0 397.2595406693663
allowInformationToCentralPlanner 163 9067 [2.7587468102039328, 0.0, 0.0, 0.0] [513.0145052636968, 0.0, 0.0, 0.0]
requestGoodsToTheCentralPlanner 163 9067 [2.7587468102039328, 0.0, 0.0, 0.0] [513.0145052636968, 0.0, 0.0, 0.0]
concludeProduction 163 9067 2.7587468102039328 1.476975588147642
164 9067 newAPP 4.0 20.0 200.0 398.7365162575139
allowInformationToCentralPlanner 164 9067 [2.7690035851216246, 0.0, 0.0, 0.0] [321.3898321167346, 0.0, 0.0, 0.0]
requestGoodsToTheCentralPlanner 164 9067 [2.7690035851216246, 0.0, 0.0, 0.0] [321.3898321167346, 0.0, 0.0, 0.0]
concludeProduction 164 9067 2.684690390576032 0.0
165 9067 newAPP 6.0 20.0 300.0 398.6522030629683
allowInformationToCentralPlanner 165 9067 [2.7684180768261686, 0.0, 0.0, 0.0] [461.48257663073485, 0.0, 0.0, 0.0]
requestGoodsToTheCentralPlanner 165 9067 [2.7684180768261686, 0.0, 0.0, 0.0] [461.48257663073485, 0.0, 0.0, 0.0]
concludeProduction 165 9067 2.7684180768261686 1.1257809073083962
166 9067 newAPP 6.0 20.0 300.0 399.7779839702767
allowInformationToCentralPlanner 166 9067 [2.776235999793588, 0.0, 0.0, 0.0] [460.2442176326956, 0.0, 0.0, 0.0]
requestGoodsToTheCentralPlanner 166 9067 [2.776235999793588, 0.0, 0.0, 0.0] [460.2442176326956, 0.0, 0.0, 0.0]
concludeProduction 166 9067 2.776235999793588 1.0778324967302448
167 9067 newAPP 3.0 20.0 150.0 400.85581646700695
allowInformationToCentralPlanner 167 9067 [2.783720947687548, 0.0, 0.0, 0.0] [459.0586018862923, 0.0, 0.0, 0.0]
requestGoodsToTheCentralPlanner 167 9067 [2.783720947687548, 0.0, 0.0, 0.0] [459.0586018862923, 0.0, 0.0, 0.0]
concludeProduction 167 9067 2.783720947687548 0.9114888585290233
168 9067 newAPP 3.0 20.0 150.0 401.767305325536
allowInformationToCentralPlanner 168 9067 [2.7900507314273333, 0.0, 0.0, 0.0] [318.0559641419104, 0.0, 0.0, 0.0]
requestGoodsToTheCentralPlanner 168 9067 [2.7900507314273333, 0.0, 0.0, 0.0] [318.0559641419104, 0.0, 0.0, 0.0]
concludeProduction 168 9067 2.722484210024516 0.0
169 9067 newAPP 8.0 17.0 400.0 401.6997388041331
allowInformationToCentralPlanner 169 9067 [2.789581519473147, 0.0, 0.0, 0.0] [508.1302873154533, 0.0, 0.0, 0.0]
requestGoodsToTheCentralPlanner 169 9067 [2.789581519473147, 0.0, 0.0, 0.0] [508.1302873154533, 0.0, 0.0, 0.0]
concludeProduction 169 9067 2.789581519473147 1.1678877566491948
170 9067 newAPP 4.0 17.0 200.0 402.86762656078236
allowInformationToCentralPlanner 170 9067 [2.7976918511165443, 0.0, 0.0, 0.0] [506.84561078313914, 0.0, 0.0, 0.0]
requestGoodsToTheCentralPlanner 170 9067 [2.7976918511165443, 0.0, 0.0, 0.0] [506.84561078313914, 0.0, 0.0, 0.0]
concludeProduction 170 9067 2.7976918511165443 1.6663532487522335
171 9067 newAPP 6.0 17.0 300.0 404.53397980953457
allowInformationToCentralPlanner 171 9067 [2.8092637486773233, 0.0, 0.0, 0.0] [505.01262220951173, 0.0, 0.0, 0.0]
requestGoodsToTheCentralPlanner 171 9067 [2.8092637486773233, 0.0, 0.0, 0.0] [505.01262220951173, 0.0, 0.0, 0.0]
concludeProduction 171 9067 2.8092637486773233 1.4116615856583383
172 9067 newAPP 7.0 17.0 350.0 405.9456413951929
allowInformationToCentralPlanner 172 9067 [2.8190669541332842, 0.0, 0.0, 0.0] [453.45979446528776, 0.0, 0.0, 0.0]
requestGoodsToTheCentralPlanner 172 9067 [2.8190669541332842, 0.0, 0.0, 0.0] [453.45979446528776, 0.0, 0.0, 0.0]
concludeProduction 172 9067 2.8190669541332842 0.800773075097081
173 9067 newAPP 3.0 17.0 150.0 406.74641447029
allowInformationToCentralPlanner 173 9067 [2.8246278782659027, 0.0, 0.0, 0.0] [352.57894408268083, 0.0, 0.0, 0.0]
requestGoodsToTheCentralPlanner 173 9067 [2.8246278782659027, 0.0, 0.0, 0.0] [352.57894408268083, 0.0, 0.0, 0.0]
concludeProduction 173 9067 2.8246278782659027 0.14468453239577528
174 9067 newAPP 6.0 17.0 300.0 406.8910990026858
allowInformationToCentralPlanner 174 9067 [2.8256326319630958, 0.0, 0.0, 0.0] [452.4197910970456, 0.0, 0.0, 0.0]
requestGoodsToTheCentralPlanner 174 9067 [2.8256326319630958, 0.0, 0.0, 0.0] [452.4197910970456, 0.0, 0.0, 0.0]
concludeProduction 174 9067 2.8256326319630958 0.8163825328842873
175 9067 newAPP 7.0 17.0 350.0 407.7074815355701
allowInformationToCentralPlanner 175 9067 [2.8313019551081258, 0.0, 0.0, 0.0] [451.52177031087285, 0.0, 0.0, 0.0]
requestGoodsToTheCentralPlanner 175 9067 [2.8313019551081258, 0.0, 0.0, 0.0] [451.52177031087285, 0.0, 0.0, 0.0]
concludeProduction 175 9067 2.8313019551081258 0.9208533042920974
176 9067 newAPP 3.0 17.0 150.0 408.6283348398622
allowInformationToCentralPlanner 176 9067 [2.837696769721265, 0.0, 0.0, 0.0] [350.50883167615143, 0.0, 0.0, 0.0]
requestGoodsToTheCentralPlanner 176 9067 [2.837696769721265, 0.0, 0.0, 0.0] [350.50883167615143, 0.0, 0.0, 0.0]
concludeProduction 176 9067 2.782755322764061 0.0
177 9067 newAPP 3.0 17.0 150.0 408.57339339290496
allowInformationToCentralPlanner 177 9067 [2.8373152318951735, 0.0, 0.0, 0.0] [350.5692672678044, 0.0, 0.0, 0.0]
requestGoodsToTheCentralPlanner 177 9067 [2.8373152318951735, 0.0, 0.0, 0.0] [350.5692672678044, 0.0, 0.0, 0.0]
concludeProduction 177 9067 2.8373152318951735 0.18787595545049118
178 9067 newAPP 3.0 17.0 150.0 408.7612693483555
allowInformationToCentralPlanner 178 9067 [2.8386199260302463, 0.0, 0.0, 0.0] [270.3626037168088, 0.0, 0.0, 0.0]
requestGoodsToTheCentralPlanner 178 9067 [2.8386199260302463, 0.0, 0.0, 0.0] [270.3626037168088, 0.0, 0.0, 0.0]
concludeProduction 178 9067 2.3333968585917995 0.0
179 9067 newAPP 4.0 17.0 200.0 408.2560462809171
allowInformationToCentralPlanner 179 9067 [2.8351114325063684, 0.0, 0.0, 0.0] [350.91834909099117, 0.0, 0.0, 0.0]
requestGoodsToTheCentralPlanner 179 9067 [2.8351114325063684, 0.0, 0.0, 0.0] [350.91834909099117, 0.0, 0.0, 0.0]
concludeProduction 179 9067 2.729506554937064 0.0
180 9067 newAPP 5.0 17.0 250.0 408.15044140334777
allowInformationToCentralPlanner 180 9067 [2.834378065301026, 0.0, 0.0, 0.0] [351.0345144563174, 0.0, 0.0, 0.0]
requestGoodsToTheCentralPlanner 180 9067 [2.834378065301026, 0.0, 0.0, 0.0] [351.0345144563174, 0.0, 0.0, 0.0]
concludeProduction 180 9067 2.7541036975727664 0.0
181 9067 newAPP 4.0 17.0 200.0 408.0701670356195
allowInformationToCentralPlanner 181 9067 [2.833820604414024, 0.0, 0.0, 0.0] [431.1228162608184, 0.0, 0.0, 0.0]
requestGoodsToTheCentralPlanner 181 9067 [2.833820604414024, 0.0, 0.0, 0.0] [431.1228162608184, 0.0, 0.0, 0.0]
concludeProduction 181 9067 2.833820604414024 0.7569832403574868
182 9067 newAPP 3.0 17.0 150.0 408.827150275977
allowInformationToCentralPlanner 182 9067 [2.8390774324720622, 0.0, 0.0, 0.0] [430.2901346964252, 0.0, 0.0, 0.0]
requestGoodsToTheCentralPlanner 182 9067 [2.8390774324720622, 0.0, 0.0, 0.0] [430.2901346964252, 0.0, 0.0, 0.0]
concludeProduction 182 9067 2.8390774324720622 0.7517964734574516
183 9067 newAPP 3.0 17.0 150.0 409.57894674943446
allowInformationToCentralPlanner 183 9067 [2.844298241315517, 0.0, 0.0, 0.0] [469.46315857562195, 0.0, 0.0, 0.0]
requestGoodsToTheCentralPlanner 183 9067 [2.844298241315517, 0.0, 0.0, 0.0] [469.46315857562195, 0.0, 0.0, 0.0]
concludeProduction 183 9067 2.844298241315517 0.9498355763812896
184 9067 newAPP 5.0 17.0 250.0 410.52878232581577
allowInformationToCentralPlanner 184 9067 [2.850894321707054, 0.0, 0.0, 0.0] [428.4183394416025, 0.0, 0.0, 0.0]
requestGoodsToTheCentralPlanner 184 9067 [2.850894321707054, 0.0, 0.0, 0.0] [428.4183394416025, 0.0, 0.0, 0.0]
concludeProduction 184 9067 2.850894321707054 0.7534828953113637
185 9067 newAPP 6.0 17.0 300.0 411.2822652211271
allowInformationToCentralPlanner 185 9067 [2.8561268418133827, 0.0, 0.0, 0.0] [387.58950825676015, 0.0, 0.0, 0.0]
requestGoodsToTheCentralPlanner 185 9067 [2.8561268418133827, 0.0, 0.0, 0.0] [387.58950825676015, 0.0, 0.0, 0.0]
concludeProduction 185 9067 2.8561268418133827 0.19505628437756073
186 9067 newAPP 2.0 17.0 100.0 411.4773215055047
allowInformationToCentralPlanner 186 9067 [2.8574813993437824, 0.0, 0.0, 0.0] [427.3749463439447, 0.0, 0.0, 0.0]
requestGoodsToTheCentralPlanner 186 9067 [2.8574813993437824, 0.0, 0.0, 0.0] [427.3749463439447, 0.0, 0.0, 0.0]
concludeProduction 186 9067 2.8574813993437824 0.7294935201378614
187 9067 newAPP 3.0 17.0 150.0 412.2068150256425
allowInformationToCentralPlanner 187 9067 [2.862547326566962, 0.0, 0.0, 0.0] [426.5725034717931, 0.0, 0.0, 0.0]
requestGoodsToTheCentralPlanner 187 9067 [2.862547326566962, 0.0, 0.0, 0.0] [426.5725034717931, 0.0, 0.0, 0.0]
concludeProduction 187 9067 2.862547326566962 0.6946828833781189
188 9067 newAPP 8.0 17.0 400.0 412.90149790902063
allowInformationToCentralPlanner 188 9067 [2.867371513257088, 0.0, 0.0, 0.0] [545.8083523000773, 0.0, 0.0, 0.0]
requestGoodsToTheCentralPlanner 188 9067 [2.867371513257088, 0.0, 0.0, 0.0] [545.8083523000773, 0.0, 0.0, 0.0]
concludeProduction 188 9067 2.867371513257088 1.3261578004002974
189 9067 newAPP 4.0 17.0 200.0 414.22765570942096
allowInformationToCentralPlanner 189 9067 [2.8765809424265343, 0.0, 0.0, 0.0] [544.3495787196368, 0.0, 0.0, 0.0]
requestGoodsToTheCentralPlanner 189 9067 [2.8765809424265343, 0.0, 0.0, 0.0] [544.3495787196368, 0.0, 0.0, 0.0]
concludeProduction 189 9067 2.8765809424265343 1.5837866173443769
190 9067 newAPP 3.0 17.0 150.0 415.81144232676536
allowInformationToCentralPlanner 190 9067 [2.887579460602537, 0.0, 0.0, 0.0] [302.60741344055805, 0.0, 0.0, 0.0]
requestGoodsToTheCentralPlanner 190 9067 [2.887579460602537, 0.0, 0.0, 0.0] [302.60741344055805, 0.0, 0.0, 0.0]
concludeProduction 190 9067 2.514715243309935 0.0
191 9067 newAPP 3.0 17.0 150.0 415.43857810947276
allowInformationToCentralPlanner 191 9067 [2.8849901257602273, 0.0, 0.0, 0.0] [343.0175640795799, 0.0, 0.0, 0.0]
requestGoodsToTheCentralPlanner 191 9067 [2.8849901257602273, 0.0, 0.0, 0.0] [343.0175640795799, 0.0, 0.0, 0.0]
concludeProduction 191 9067 2.858659808621225 0.0
192 9067 newAPP 6.0 17.0 300.0 415.41224779233374
allowInformationToCentralPlanner 192 9067 [2.884807276335651, 0.0, 0.0, 0.0] [493.0465274284326, 0.0, 0.0, 0.0]
requestGoodsToTheCentralPlanner 192 9067 [2.884807276335651, 0.0, 0.0, 0.0] [493.0465274284326, 0.0, 0.0, 0.0]
concludeProduction 192 9067 2.884807276335651 1.1976470082291208
193 9067 newAPP 3.0 18.0 150.0 416.60989480056287
allowInformationToCentralPlanner 193 9067 [2.893124269448353, 0.0, 0.0, 0.0] [301.7291157193808, 0.0, 0.0, 0.0]
requestGoodsToTheCentralPlanner 193 9067 [2.893124269448353, 0.0, 0.0, 0.0] [301.7291157193808, 0.0, 0.0, 0.0]
concludeProduction 193 9067 2.2549449750976405 0.0
194 9067 newAPP 3.0 18.0 150.0 415.97171550621215
allowInformationToCentralPlanner 194 9067 [2.88869246879314, 0.0, 0.0, 0.0] [342.4311129431666, 0.0, 0.0, 0.0]
requestGoodsToTheCentralPlanner 194 9067 [2.88869246879314, 0.0, 0.0, 0.0] [342.4311129431666, 0.0, 0.0, 0.0]
concludeProduction 194 9067 2.8065642555229946 0.0
195 9067 newAPP 5.0 18.0 250.0 415.889587292942
allowInformationToCentralPlanner 195 9067 [2.8881221339787637, 0.0, 0.0, 0.0] [302.52145397776377, 0.0, 0.0, 0.0]
requestGoodsToTheCentralPlanner 195 9067 [2.8881221339787637, 0.0, 0.0, 0.0] [302.52145397776377, 0.0, 0.0, 0.0]
concludeProduction 195 9067 2.5201583013654747 0.0
196 9067 newAPP 2.0 18.0 100.0 415.5216234603287
allowInformationToCentralPlanner 196 9067 [2.885566829585616, 0.0, 0.0, 0.0] [382.9262141936384, 0.0, 0.0, 0.0]
requestGoodsToTheCentralPlanner 196 9067 [2.885566829585616, 0.0, 0.0, 0.0] [382.9262141936384, 0.0, 0.0, 0.0]
concludeProduction 196 9067 2.885566829585616 0.24902112380435604
197 9067 newAPP 4.0 18.0 200.0 415.7706445841331
allowInformationToCentralPlanner 197 9067 [2.8872961429453685, 0.0, 0.0, 0.0] [342.65229095745354, 0.0, 0.0, 0.0]
requestGoodsToTheCentralPlanner 197 9067 [2.8872961429453685, 0.0, 0.0, 0.0] [342.65229095745354, 0.0, 0.0, 0.0]
concludeProduction 197 9067 2.8148645377337562 0.0
198 9067 newAPP 4.0 18.0 200.0 415.69821297892145
allowInformationToCentralPlanner 198 9067 [2.8867931456869544, 0.0, 0.0, 0.0] [302.73196572318636, 0.0, 0.0, 0.0]
requestGoodsToTheCentralPlanner 198 9067 [2.8867931456869544, 0.0, 0.0, 0.0] [302.73196572318636, 0.0, 0.0, 0.0]
concludeProduction 198 9067 2.3275156099819996 0.0
199 9067 newAPP 7.0 17.0 350.0 415.1389354432165
allowInformationToCentralPlanner 199 9067 [2.882909273911226, 0.0, 0.0, 0.0] [223.34717101246184, 0.0, 0.0, 0.0]
requestGoodsToTheCentralPlanner 199 9067 [2.882909273911226, 0.0, 0.0, 0.0] [223.34717101246184, 0.0, 0.0, 0.0]
concludeProduction 199 9067 1.9084996245299877 0.0
200 9067 newAPP 3.0 17.0 150.0 414.16452579383525
allowInformationToCentralPlanner 200 9067 [2.876142540234967, 0.0, 0.0, 0.0] [224.41902162678116, 0.0, 0.0, 0.0]
requestGoodsToTheCentralPlanner 200 9067 [2.876142540234967, 0.0, 0.0, 0.0] [224.41902162678116, 0.0, 0.0, 0.0]
concludeProduction 200 9067 1.7668108999040826 0.0
201 9067 newAPP 5.0 17.0 250.0 413.0551941535044
allowInformationToCentralPlanner 201 9067 [2.868438848288225, 0.0, 0.0, 0.0] [225.63928643114514, 0.0, 0.0, 0.0]
requestGoodsToTheCentralPlanner 201 9067 [2.868438848288225, 0.0, 0.0, 0.0] [225.63928643114514, 0.0, 0.0, 0.0]
concludeProduction 201 9067 1.9056287269694847 0.0
202 9067 newAPP 8.0 17.0 400.0 412.09238403218563
allowInformationToCentralPlanner 202 9067 [2.861752666890178, 0.0, 0.0, 0.0] [296.6983775645958, 0.0, 0.0, 0.0]
requestGoodsToTheCentralPlanner 202 9067 [2.861752666890178, 0.0, 0.0, 0.0] [296.6983775645958, 0.0, 0.0, 0.0]
concludeProduction 202 9067 2.3648328551683355 0.0
203 9067 newAPP 4.0 17.0 200.0 411.5954642204638
allowInformationToCentralPlanner 203 9067 [2.858301834864332, 0.0, 0.0, 0.0] [347.2449893574897, 0.0, 0.0, 0.0]
requestGoodsToTheCentralPlanner 203 9067 [2.858301834864332, 0.0, 0.0, 0.0] [347.2449893574897, 0.0, 0.0, 0.0]
concludeProduction 203 9067 2.858301834864332 0.02024221247446656
204 9067 newAPP 5.0 17.0 250.0 411.6157064329382
allowInformationToCentralPlanner 204 9067 [2.8584424057842934, 0.0, 0.0, 0.0] [447.2227229237679, 0.0, 0.0, 0.0]
requestGoodsToTheCentralPlanner 204 9067 [2.8584424057842934, 0.0, 0.0, 0.0] [447.2227229237679, 0.0, 0.0, 0.0]
concludeProduction 204 9067 2.8584424057842934 1.016714215936426
205 9067 newAPP 3.0 17.0 150.0 412.63242064887464
allowInformationToCentralPlanner 205 9067 [2.8655029211727405, 0.0, 0.0, 0.0] [306.10433728623786, 0.0, 0.0, 0.0]
requestGoodsToTheCentralPlanner 205 9067 [2.8655029211727405, 0.0, 0.0, 0.0] [306.10433728623786, 0.0, 0.0, 0.0]
concludeProduction 205 9067 2.3279493593579335 0.0
206 9067 newAPP 4.0 17.0 200.0 412.09486708705987
allowInformationToCentralPlanner 206 9067 [2.861769910326805, 0.0, 0.0, 0.0] [446.6956462042341, 0.0, 0.0, 0.0]
requestGoodsToTheCentralPlanner 206 9067 [2.861769910326805, 0.0, 0.0, 0.0] [446.6956462042341, 0.0, 0.0, 0.0]
concludeProduction 206 9067 2.861769910326805 0.7541249874458158
207 9067 newAPP 8.0 17.0 400.0 412.8489920745057
allowInformationToCentralPlanner 207 9067 [2.8670068894062894, 0.0, 0.0, 0.0] [395.8661087180437, 0.0, 0.0, 0.0]
requestGoodsToTheCentralPlanner 207 9067 [2.8670068894062894, 0.0, 0.0, 0.0] [395.8661087180437, 0.0, 0.0, 0.0]
concludeProduction 207 9067 2.8670068894062894 0.41612375099824117
208 9067 newAPP 4.0 17.0 200.0 413.2651158255039
allowInformationToCentralPlanner 208 9067 [2.8698966376771105, 0.0, 0.0, 0.0] [445.40837259194564, 0.0, 0.0, 0.0]
requestGoodsToTheCentralPlanner 208 9067 [2.8698966376771105, 0.0, 0.0, 0.0] [445.40837259194564, 0.0, 0.0, 0.0]
concludeProduction 208 9067 2.8698966376771105 0.6458982564642901
209 9067 newAPP 3.0 17.0 150.0 413.9110140819682
allowInformationToCentralPlanner 209 9067 [2.87438204223589, 0.0, 0.0, 0.0] [224.69788450983498, 0.0, 0.0, 0.0]
requestGoodsToTheCentralPlanner 209 9067 [2.87438204223589, 0.0, 0.0, 0.0] [224.69788450983498, 0.0, 0.0, 0.0]
concludeProduction 209 9067 1.789473946851777 0.0
210 9067 newAPP 3.0 17.0 150.0 412.8261059865841
allowInformationToCentralPlanner 210 9067 [2.866847958240167, 0.0, 0.0, 0.0] [185.89128341475748, 0.0, 0.0, 0.0]
requestGoodsToTheCentralPlanner 210 9067 [2.866847958240167, 0.0, 0.0, 0.0] [185.89128341475748, 0.0, 0.0, 0.0]
concludeProduction 210 9067 1.5756535797604878 0.0
211 9067 newAPP 3.0 15.0 150.0 411.53491160810444
allowInformationToCentralPlanner 211 9067 [2.8578813306118365, 0.0, 0.0, 0.0] [227.3115972310851, 0.0, 0.0, 0.0]
requestGoodsToTheCentralPlanner 211 9067 [2.8578813306118365, 0.0, 0.0, 0.0] [227.3115972310851, 0.0, 0.0, 0.0]
concludeProduction 211 9067 1.7932405555468827 0.0
212 9067 newAPP 6.0 15.0 300.0 410.4702708330395
allowInformationToCentralPlanner 212 9067 [2.8504879918961077, 0.0, 0.0, 0.0] [448.48270208365653, 0.0, 0.0, 0.0]
requestGoodsToTheCentralPlanner 212 9067 [2.8504879918961077, 0.0, 0.0, 0.0] [448.48270208365653, 0.0, 0.0, 0.0]
concludeProduction 212 9067 2.8504879918961077 0.8237341964107436
213 9067 newAPP 3.0 15.0 150.0 411.2940050294502
allowInformationToCentralPlanner 213 9067 [2.856208368260071, 0.0, 0.0, 0.0] [307.57659446760476, 0.0, 0.0, 0.0]
requestGoodsToTheCentralPlanner 213 9067 [2.856208368260071, 0.0, 0.0, 0.0] [307.57659446760476, 0.0, 0.0, 0.0]
concludeProduction 213 9067 2.5062479377954396 0.0
214 9067 newAPP 4.0 15.0 200.0 410.94404459898556
allowInformationToCentralPlanner 214 9067 [2.8537780874929553, 0.0, 0.0, 0.0] [347.96155094111583, 0.0, 0.0, 0.0]
requestGoodsToTheCentralPlanner 214 9067 [2.8537780874929553, 0.0, 0.0, 0.0] [347.96155094111583, 0.0, 0.0, 0.0]
concludeProduction 214 9067 2.8537780874929553 0.07264656178525675
215 9067 newAPP 4.0 15.0 200.0 411.0166911607708
allowInformationToCentralPlanner 215 9067 [2.854282577505353, 0.0, 0.0, 0.0] [387.8816397231521, 0.0, 0.0, 0.0]
requestGoodsToTheCentralPlanner 215 9067 [2.854282577505353, 0.0, 0.0, 0.0] [387.8816397231521, 0.0, 0.0, 0.0]
concludeProduction 215 9067 2.854282577505353 0.11591871548021793
216 9067 newAPP 5.0 15.0 250.0 411.132609876251
allowInformationToCentralPlanner 216 9067 [2.8550875685850765, 0.0, 0.0, 0.0] [387.7541291361238, 0.0, 0.0, 0.0]
requestGoodsToTheCentralPlanner 216 9067 [2.8550875685850765, 0.0, 0.0, 0.0] [387.7541291361238, 0.0, 0.0, 0.0]
concludeProduction 216 9067 2.8550875685850765 0.2991658626142688
217 9067 newAPP 3.0 16.0 150.0 411.43177573886527
allowInformationToCentralPlanner 217 9067 [2.8571651092976755, 0.0, 0.0, 0.0] [387.42504668724814, 0.0, 0.0, 0.0]
requestGoodsToTheCentralPlanner 217 9067 [2.8571651092976755, 0.0, 0.0, 0.0] [387.42504668724814, 0.0, 0.0, 0.0]
concludeProduction 217 9067 2.8571651092976755 0.21123112197227956
218 9067 newAPP 5.0 16.0 250.0 411.64300686083754
allowInformationToCentralPlanner 218 9067 [2.8586319920891494, 0.0, 0.0, 0.0] [347.1926924530787, 0.0, 0.0, 0.0]
requestGoodsToTheCentralPlanner 218 9067 [2.8586319920891494, 0.0, 0.0, 0.0] [347.1926924530787, 0.0, 0.0, 0.0]
concludeProduction 218 9067 2.8586319920891494 0.03255623051879919
219 9067 newAPP 4.0 16.0 200.0 411.6755630913563
allowInformationToCentralPlanner 219 9067 [2.858858077023308, 0.0, 0.0, 0.0] [307.15688059950804, 0.0, 0.0, 0.0]
requestGoodsToTheCentralPlanner 219 9067 [2.858858077023308, 0.0, 0.0, 0.0] [307.15688059950804, 0.0, 0.0, 0.0]
concludeProduction 219 9067 2.361577102860493 0.0
220 9067 newAPP 3.0 16.0 150.0 411.17828211719353
allowInformationToCentralPlanner 220 9067 [2.855404736924955, 0.0, 0.0, 0.0] [267.703889671087, 0.0, 0.0, 0.0]
requestGoodsToTheCentralPlanner 220 9067 [2.855404736924955, 0.0, 0.0, 0.0] [267.703889671087, 0.0, 0.0, 0.0]
concludeProduction 220 9067 2.2196820750029382 0.0
221 9067 newAPP 8.0 16.0 400.0 410.5425594552715
allowInformationToCentralPlanner 221 9067 [2.850989996217163, 0.0, 0.0, 0.0] [348.4031845992012, 0.0, 0.0, 0.0]
requestGoodsToTheCentralPlanner 221 9067 [2.850989996217163, 0.0, 0.0, 0.0] [348.4031845992012, 0.0, 0.0, 0.0]
concludeProduction 221 9067 2.7246816275894745 0.0
222 9067 newAPP 9.0 16.0 450.0 410.4162510866438
allowInformationToCentralPlanner 222 9067 [2.85011285476836, 0.0, 0.0, 0.0] 