allowInformationToCentralPlanner 0 9067 [0.0, 0.0, 0.0, 0.0] [0.0, 0.0, 0.0, 0.0]
requestGoodsToTheCentralPlanner 0 9067 [0.0, 0.0, 0.0, 0.0] [0.0, 0.0, 0.0, 0.0]
concludeProduction 0 9067 0 0
allowInformationToCentralPlanner 1 9067 [0.0, 0.0, 0.0, 0.0] [0.0, 0.0, 0.0, 0.0]
requestGoodsToTheCentralPlanner 1 9067 [0.0, 0.0, 0.0, 0.0] [0.0, 0.0, 0.0, 0.0]
concludeProduction 1 9067 0 0
allowInformationToCentralPlanner 2 9067 [0.0, 0.0, 0.0, 0.0] [0.0, 0.0, 0.0, 0.0]
requestGoodsToTheCentralPlanner 2 9067 [0.0, 0.0, 0.0, 0.0] [0.0, 0.0, 0.0, 0.0]
concludeProduction 2 9067 0 0
allowInformationToCentralPlanner 3 9067 [0.0, 0.0, 0.0, 0.0] [0.0, 0.0, 0.0, 0.0]
requestGoodsToTheCentralPlanner 3 9067 [0.0, 0.0, 0.0, 0.0] [0.0, 0.0, 0.0, 0.0]
concludeProduction 3 9067 0 0
allowInformationToCentralPlanner 4 9067 [0.0, 0.0, 0.0, 0.0] [0.0, 0.0, 0.0, 0.0]
requestGoodsToTheCentralPlanner 4 9067 [0.0, 0.0, 0.0, 0.0] [0.0, 0.0, 0.0, 0.0]
concludeProduction 4 9067 0 0
allowInformationToCentralPlanner 5 9067 [0.0, 0.0, 0.0, 0.0] [0.0, 0.0, 0.0, 0.0]
requestGoodsToTheCentralPlanner 5 9067 [0.0, 0.0, 0.0, 0.0] [0.0, 0.0, 0.0, 0.0]
concludeProduction 5 9067 0.0 0.0
allowInformationToCentralPlanner 6 9067 [0.8556810932313761, 0.0, 0.0, 0.0] [524.46011483215, 0.0, 0.0, 0.0]
requestGoodsToTheCentralPlanner 6 9067 [0.8556810932313761, 0.0, 0.0, 0.0] [524.46011483215, 0.0, 0.0, 0.0]
concludeProduction 6 9067 0.8556810932313761 4.33557293165444
allowInformationToCentralPlanner 7 9067 [0.8857892385900875, 0.0, 0.0, 0.0] [489.6909846073301, 0.0, 0.0, 0.0]
requestGoodsToTheCentralPlanner 7 9067 [0.8857892385900875, 0.0, 0.0, 0.0] [489.6909846073301, 0.0, 0.0, 0.0]
concludeProduction 7 9067 0.8857892385900875 3.2259443668511643
allowInformationToCentralPlanner 8 9067 [0.9081916300265539, 0.0, 0.0, 0.0] [696.1424458037939, 0.0, 0.0, 0.0]
requestGoodsToTheCentralPlanner 8 9067 [0.9081916300265539, 0.0, 0.0, 0.0] [696.1424458037939, 0.0, 0.0, 0.0]
concludeProduction 8 9067 0.9081916300265539 3.484263804903181
allowInformationToCentralPlanner 9 9067 [0.9323879064494927, 0.0, 0.0, 0.0] [802.3097556184001, 0.0, 0.0, 0.0]
requestGoodsToTheCentralPlanner 9 9067 [0.9323879064494927, 0.0, 0.0, 0.0] [802.3097556184001, 0.0, 0.0, 0.0]
concludeProduction 9 9067 0.9323879064494927 2.8260383475135202
allowInformationToCentralPlanner 10 9067 [0.9520131727516699, 0.0, 0.0, 0.0] [699.2011134361354, 0.0, 0.0, 0.0]
requestGoodsToTheCentralPlanner 10 9067 [0.9520131727516699, 0.0, 0.0, 0.0] [699.2011134361354, 0.0, 0.0, 0.0]
concludeProduction 10 9067 0.9520131727516699 2.5550910646823963
allowInformationToCentralPlanner 11 9067 [0.9697568607008531, 0.0, 0.0, 0.0] [806.3905132649849, 0.0, 0.0, 0.0]
requestGoodsToTheCentralPlanner 11 9067 [0.9697568607008531, 0.0, 0.0, 0.0] [806.3905132649849, 0.0, 0.0, 0.0]
concludeProduction 11 9067 0.9697568607008531 3.0918066008195195
allowInformationToCentralPlanner 12 9067 [0.991227739873211, 0.0, 0.0, 0.0] [802.9895260040835, 0.0, 0.0, 0.0]
requestGoodsToTheCentralPlanner 12 9067 [0.991227739873211, 0.0, 0.0, 0.0] [802.9895260040835, 0.0, 0.0, 0.0]
concludeProduction 12 9067 0.991227739873211 3.5357418615925917
allowInformationToCentralPlanner 13 9067 [1.0157815028009374, 0.0, 0.0, 0.0] [799.1002099563315, 0.0, 0.0, 0.0]
requestGoodsToTheCentralPlanner 13 9067 [1.0157815028009374, 0.0, 0.0, 0.0] [799.1002099563315, 0.0, 0.0, 0.0]
concludeProduction 13 9067 1.0157815028009374 3.623555600037812
allowInformationToCentralPlanner 14 9067 [1.0409450833567555, 0.0, 0.0, 0.0] [795.11429879629, 0.0, 0.0, 0.0]
requestGoodsToTheCentralPlanner 14 9067 [1.0409450833567555, 0.0, 0.0, 0.0] [795.11429879629, 0.0, 0.0, 0.0]
concludeProduction 14 9067 1.0409450833567555 4.172407714978485
allowInformationToCentralPlanner 15 9067 [1.069920136932995, 0.0, 0.0, 0.0] [850.5246503098135, 0.0, 0.0, 0.0]
requestGoodsToTheCentralPlanner 15 9067 [1.069920136932995, 0.0, 0.0, 0.0] [850.5246503098135, 0.0, 0.0, 0.0]
concludeProduction 15 9067 1.069920136932995 4.560049388656543
allowInformationToCentralPlanner 16 9067 [1.1015871465764429, 0.0, 0.0, 0.0] [775.5085959822911, 0.0, 0.0, 0.0]
requestGoodsToTheCentralPlanner 16 9067 [1.1015871465764429, 0.0, 0.0, 0.0] [775.5085959822911, 0.0, 0.0, 0.0]
concludeProduction 16 9067 1.1015871465764429 3.790600856060326
allowInformationToCentralPlanner 17 9067 [1.1279107636324175, 0.0, 0.0, 0.0] [821.3389350406251, 0.0, 0.0, 0.0]
requestGoodsToTheCentralPlanner 17 9067 [1.1279107636324175, 0.0, 0.0, 0.0] [821.3389350406251, 0.0, 0.0, 0.0]
concludeProduction 17 9067 1.1279107636324175 3.873681097130694
allowInformationToCentralPlanner 18 9067 [1.1548113268069362, 0.0, 0.0, 0.0] [617.0778858337812, 0.0, 0.0, 0.0]
requestGoodsToTheCentralPlanner 18 9067 [1.1548113268069362, 0.0, 0.0, 0.0] [617.0778858337812, 0.0, 0.0, 0.0]
concludeProduction 18 9067 1.1548113268069362 3.1821315812175723
allowInformationToCentralPlanner 19 9067 [1.1769094627876138, 0.0, 0.0, 0.0] [763.5775410944417, 0.0, 0.0, 0.0]
requestGoodsToTheCentralPlanner 19 9067 [1.1769094627876138, 0.0, 0.0, 0.0] [763.5775410944417, 0.0, 0.0, 0.0]
concludeProduction 19 9067 1.1769094627876138 4.010536626733008
allowInformationToCentralPlanner 20 9067 [1.2047604115843709, 0.0, 0.0, 0.0] [609.1659508050355, 0.0, 0.0, 0.0]
requestGoodsToTheCentralPlanner 20 9067 [1.2047604115843709, 0.0, 0.0, 0.0] [609.1659508050355, 0.0, 0.0, 0.0]
concludeProduction 20 9067 1.2047604115843709 2.9528039272087745
allowInformationToCentralPlanner 21 9067 [1.2252659944122093, 0.0, 0.0, 0.0] [755.9178664851057, 0.0, 0.0, 0.0]
requestGoodsToTheCentralPlanner 21 9067 [1.2252659944122093, 0.0, 0.0, 0.0] [755.9178664851057, 0.0, 0.0, 0.0]
concludeProduction 21 9067 1.2252659944122093 4.013043275117411
allowInformationToCentralPlanner 22 9067 [1.2531343504894135, 0.0, 0.0, 0.0] [651.5035188824769, 0.0, 0.0, 0.0]
requestGoodsToTheCentralPlanner 22 9067 [1.2531343504894135, 0.0, 0.0, 0.0] [651.5035188824769, 0.0, 0.0, 0.0]
concludeProduction 22 9067 1.2531343504894135 3.4628235700417234
allowInformationToCentralPlanner 23 9067 [1.2771817363924811, 0.0, 0.0, 0.0] [647.6944129554311, 0.0, 0.0, 0.0]
requestGoodsToTheCentralPlanner 23 9067 [1.2771817363924811, 0.0, 0.0, 0.0] [647.6944129554311, 0.0, 0.0, 0.0]
concludeProduction 23 9067 1.2771817363924811 3.3348895250577524
allowInformationToCentralPlanner 24 9067 [1.3003406914276043, 0.0, 0.0, 0.0] [694.0260344778674, 0.0, 0.0, 0.0]
requestGoodsToTheCentralPlanner 24 9067 [1.3003406914276043, 0.0, 0.0, 0.0] [694.0260344778674, 0.0, 0.0, 0.0]
concludeProduction 24 9067 1.3003406914276043 3.6731104510991637
allowInformationToCentralPlanner 25 9067 [1.3258484028935709, 0.0, 0.0, 0.0] [689.9856129816583, 0.0, 0.0, 0.0]
requestGoodsToTheCentralPlanner 25 9067 [1.3258484028935709, 0.0, 0.0, 0.0] [689.9856129816583, 0.0, 0.0, 0.0]
concludeProduction 25 9067 1.3258484028935709 3.6702094401698577
allowInformationToCentralPlanner 26 9067 [1.3513359684503063, 0.0, 0.0, 0.0] [805.9483825974714, 0.0, 0.0, 0.0]
requestGoodsToTheCentralPlanner 26 9067 [1.3513359684503063, 0.0, 0.0, 0.0] [805.9483825974714, 0.0, 0.0, 0.0]
concludeProduction 26 9067 1.3513359684503063 4.233102409849161
allowInformationToCentralPlanner 27 9067 [1.3807325129631476, 0.0, 0.0, 0.0] [731.2919699466371, 0.0, 0.0, 0.0]
requestGoodsToTheCentralPlanner 27 9067 [1.3807325129631476, 0.0, 0.0, 0.0] [731.2919699466371, 0.0, 0.0, 0.0]
concludeProduction 27 9067 1.3807325129631476 3.615878941820779
allowInformationToCentralPlanner 28 9067 [1.4058427833924585, 0.0, 0.0, 0.0] [577.3145031106345, 0.0, 0.0, 0.0]
requestGoodsToTheCentralPlanner 28 9067 [1.4058427833924585, 0.0, 0.0, 0.0] [577.3145031106345, 0.0, 0.0, 0.0]
concludeProduction 28 9067 1.4058427833924585 2.668776380368527
allowInformationToCentralPlanner 29 9067 [1.4243759527005735, 0.0, 0.0, 0.0] [574.3788490922291, 0.0, 0.0, 0.0]
requestGoodsToTheCentralPlanner 29 9067 [1.4243759527005735, 0.0, 0.0, 0.0] [574.3788490922291, 0.0, 0.0, 0.0]
concludeProduction 29 9067 1.4243759527005735 2.600524100235114
allowInformationToCentralPlanner 30 9067 [1.442435147841095, 0.0, 0.0, 0.0] [531.5182725819706, 0.0, 0.0, 0.0]
requestGoodsToTheCentralPlanner 30 9067 [1.442435147841095, 0.0, 0.0, 0.0] [531.5182725819706, 0.0, 0.0, 0.0]
concludeProduction 30 9067 1.442435147841095 2.8014503064609584
allowInformationToCentralPlanner 31 9067 [1.461889663858185, 0.0, 0.0, 0.0] [608.4366772448635, 0.0, 0.0, 0.0]
requestGoodsToTheCentralPlanner 31 9067 [1.461889663858185, 0.0, 0.0, 0.0] [608.4366772448635, 0.0, 0.0, 0.0]
concludeProduction 31 9067 1.461889663858185 3.0618555276510278
allowInformationToCentralPlanner 32 9067 [1.4831525494668727, 0.0, 0.0, 0.0] [425.06863616444735, 0.0, 0.0, 0.0]
requestGoodsToTheCentralPlanner 32 9067 [1.4831525494668727, 0.0, 0.0, 0.0] [425.06863616444735, 0.0, 0.0, 0.0]
concludeProduction 32 9067 1.4831525494668727 1.6568148908847682
allowInformationToCentralPlanner 33 9067 [1.4946582084313504, 0.0, 0.0, 0.0] [363.2461397844741, 0.0, 0.0, 0.0]
requestGoodsToTheCentralPlanner 33 9067 [1.4946582084313504, 0.0, 0.0, 0.0] [363.2461397844741, 0.0, 0.0, 0.0]
concludeProduction 33 9067 1.4946582084313504 1.211603856550979
allowInformationToCentralPlanner 34 9067 [1.5030721241018432, 0.0, 0.0, 0.0] [601.913375542268, 0.0, 0.0, 0.0]
requestGoodsToTheCentralPlanner 34 9067 [1.5030721241018432, 0.0, 0.0, 0.0] [601.913375542268, 0.0, 0.0, 0.0]
concludeProduction 34 9067 1.5030721241018432 3.1365377306974542
allowInformationToCentralPlanner 35 9067 [1.5248536361205756, 0.0, 0.0, 0.0] [558.4631840385007, 0.0, 0.0, 0.0]
requestGoodsToTheCentralPlanner 35 9067 [1.5248536361205756, 0.0, 0.0, 0.0] [558.4631840385007, 0.0, 0.0, 0.0]
concludeProduction 35 9067 1.5248536361205756 2.444705162618248
allowInformationToCentralPlanner 36 9067 [1.5418307553054245, 0.0, 0.0, 0.0] [705.7740083596206, 0.0, 0.0, 0.0]
requestGoodsToTheCentralPlanner 36 9067 [1.5418307553054245, 0.0, 0.0, 0.0] [705.7740083596206, 0.0, 0.0, 0.0]
concludeProduction 36 9067 1.5418307553054245 3.570083105774697
allowInformationToCentralPlanner 37 9067 [1.5666229990955265, 0.0, 0.0, 0.0] [651.8469169432685, 0.0, 0.0, 0.0]
requestGoodsToTheCentralPlanner 37 9067 [1.5666229990955265, 0.0, 0.0, 0.0] [651.8469169432685, 0.0, 0.0, 0.0]
concludeProduction 37 9067 1.5666229990955265 3.383237085113619
allowInformationToCentralPlanner 38 9067 [1.5901177010754823, 0.0, 0.0, 0.0] [648.1253561496435, 0.0, 0.0, 0.0]
requestGoodsToTheCentralPlanner 38 9067 [1.5901177010754823, 0.0, 0.0, 0.0] [648.1253561496435, 0.0, 0.0, 0.0]
concludeProduction 38 9067 1.5901177010754823 3.8440178579561586
allowInformationToCentralPlanner 39 9067 [1.6168122695335112, 0.0, 0.0, 0.0] [743.8969365058917, 0.0, 0.0, 0.0]
requestGoodsToTheCentralPlanner 39 9067 [1.6168122695335112, 0.0, 0.0, 0.0] [743.8969365058917, 0.0, 0.0, 0.0]
concludeProduction 39 9067 1.6168122695335112 3.5125817330840414
allowInformationToCentralPlanner 40 9067 [1.641205198235484, 0.0, 0.0, 0.0] [690.0330965994991, 0.0, 0.0, 0.0]
requestGoodsToTheCentralPlanner 40 9067 [1.641205198235484, 0.0, 0.0, 0.0] [690.0330965994991, 0.0, 0.0, 0.0]
concludeProduction 40 9067 1.641205198235484 3.8435903049810163
allowInformationToCentralPlanner 41 9067 [1.66789679757563, 0.0, 0.0, 0.0] [635.8051472640201, 0.0, 0.0, 0.0]
requestGoodsToTheCentralPlanner 41 9067 [1.66789679757563, 0.0, 0.0, 0.0] [635.8051472640201, 0.0, 0.0, 0.0]
concludeProduction 41 9067 1.66789679757563 3.440836185521146
allowInformationToCentralPlanner 42 9067 [1.6917914933084157, 0.0, 0.0, 0.0] [532.0202274599469, 0.0, 0.0, 0.0]
requestGoodsToTheCentralPlanner 42 9067 [1.6917914933084157, 0.0, 0.0, 0.0] [532.0202274599469, 0.0, 0.0, 0.0]
concludeProduction 42 9067 1.6917914933084157 2.5123950989802672
allowInformationToCentralPlanner 43 9067 [1.7092386814957787, 0.0, 0.0, 0.0] [489.2565928510686, 0.0, 0.0, 0.0]
requestGoodsToTheCentralPlanner 43 9067 [1.7092386814957787, 0.0, 0.0, 0.0] [489.2565928510686, 0.0, 0.0, 0.0]
concludeProduction 43 9067 1.7092386814957787 1.7402163781353142
allowInformationToCentralPlanner 44 9067 [1.7213235174550516, 0.0, 0.0, 0.0] [447.34235483511964, 0.0, 0.0, 0.0]
requestGoodsToTheCentralPlanner 44 9067 [1.7213235174550516, 0.0, 0.0, 0.0] [447.34235483511964, 0.0, 0.0, 0.0]
concludeProduction 44 9067 1.7213235174550516 2.155606583508088
allowInformationToCentralPlanner 45 9067 [1.7362930076183023, 0.0, 0.0, 0.0] [524.9711875932609, 0.0, 0.0, 0.0]
requestGoodsToTheCentralPlanner 45 9067 [1.7362930076183023, 0.0, 0.0, 0.0] [524.9711875932609, 0.0, 0.0, 0.0]
concludeProduction 45 9067 1.7362930076183023 2.236810828796075
allowInformationToCentralPlanner 46 9067 [1.7518264161516086, 0.0, 0.0, 0.0] [572.5106956815852, 0.0, 0.0, 0.0]
requestGoodsToTheCentralPlanner 46 9067 [1.7518264161516086, 0.0, 0.0, 0.0] [572.5106956815852, 0.0, 0.0, 0.0]
concludeProduction 46 9067 1.7518264161516086 2.877872087413511
allowInformationToCentralPlanner 47 9067 [1.7718116389808691, 0.0, 0.0, 0.0] [439.34503638543015, 0.0, 0.0, 0.0]
requestGoodsToTheCentralPlanner 47 9067 [1.7718116389808691, 0.0, 0.0, 0.0] [439.34503638543015, 0.0, 0.0, 0.0]
concludeProduction 47 9067 1.7718116389808691 1.6749572148023848
allowInformationToCentralPlanner 48 9067 [1.783443286305886, 0.0, 0.0, 0.0] [357.5025834491477, 0.0, 0.0, 0.0]
requestGoodsToTheCentralPlanner 48 9067 [1.783443286305886, 0.0, 0.0, 0.0] [357.5025834491477, 0.0, 0.0, 0.0]
concludeProduction 48 9067 1.783443286305886 1.0554732473040958
allowInformationToCentralPlanner 49 9067 [1.7907729616343864, 0.0, 0.0, 0.0] [566.3415628771132, 0.0, 0.0, 0.0]
requestGoodsToTheCentralPlanner 49 9067 [1.7907729616343864, 0.0, 0.0, 0.0] [566.3415628771132, 0.0, 0.0, 0.0]
concludeProduction 49 9067 1.7907729616343864 2.692012031306436
allowInformationToCentralPlanner 50 9067 [1.80946748962957, 0.0, 0.0, 0.0] [563.380349642676, 0.0, 0.0, 0.0]
requestGoodsToTheCentralPlanner 50 9067 [1.80946748962957, 0.0, 0.0, 0.0] [563.380349642676, 0.0, 0.0, 0.0]
concludeProduction 50 9067 1.80946748962957 2.839606326783023
allowInformationToCentralPlanner 51 9067 [1.8291869780100072, 0.0, 0.0, 0.0] [430.2567826832147, 0.0, 0.0, 0.0]
requestGoodsToTheCentralPlanner 51 9067 [1.8291869780100072, 0.0, 0.0, 0.0] [430.2567826832147, 0.0, 0.0, 0.0]
concludeProduction 51 9067 1.8291869780100072 1.67199384903456
allowInformationToCentralPlanner 52 9067 [1.8407980464060807, 0.0, 0.0, 0.0] [428.4175894492766, 0.0, 0.0, 0.0]
requestGoodsToTheCentralPlanner 52 9067 [1.8407980464060807, 0.0, 0.0, 0.0] [428.4175894492766, 0.0, 0.0, 0.0]
concludeProduction 52 9067 1.8407980464060807 1.7406650076928472
allowInformationToCentralPlanner 53 9067 [1.8528859978483923, 0.0, 0.0, 0.0] [466.5028579408147, 0.0, 0.0, 0.0]
requestGoodsToTheCentralPlanner 53 9067 [1.8528859978483923, 0.0, 0.0, 0.0] [466.5028579408147, 0.0, 0.0, 0.0]
concludeProduction 53 9067 1.8528859978483923 1.808508239126436
allowInformationToCentralPlanner 54 9067 [1.8654450828423257, 0.0, 0.0, 0.0] [654.5134988777753, 0.0, 0.0, 0.0]
requestGoodsToTheCentralPlanner 54 9067 [1.8654450828423257, 0.0, 0.0, 0.0] [654.5134988777753, 0.0, 0.0, 0.0]
concludeProduction 54 9067 1.8654450828423257 3.5460945844966907
allowInformationToCentralPlanner 55 9067 [1.8900707396791083, 0.0, 0.0, 0.0] [460.61279483482923, 0.0, 0.0, 0.0]
requestGoodsToTheCentralPlanner 55 9067 [1.8900707396791083, 0.0, 0.0, 0.0] [460.61279483482923, 0.0, 0.0, 0.0]
concludeProduction 55 9067 1.8900707396791083 2.1014537071101302
allowInformationToCentralPlanner 56 9067 [1.9046641682007064, 0.0, 0.0, 0.0] [418.3011957570079, 0.0, 0.0, 0.0]
requestGoodsToTheCentralPlanner 56 9067 [1.9046641682007064, 0.0, 0.0, 0.0] [418.3011957570079, 0.0, 0.0, 0.0]
concludeProduction 56 9067 1.9046641682007064 1.4903088646642921
allowInformationToCentralPlanner 57 9067 [1.9150135353164308, 0.0, 0.0, 0.0] [416.6618560058772, 0.0, 0.0, 0.0]
requestGoodsToTheCentralPlanner 57 9067 [1.9150135353164308, 0.0, 0.0, 0.0] [416.6618560058772, 0.0, 0.0, 0.0]
concludeProduction 57 9067 1.9150135353164308 1.3765631793511162
allowInformationToCentralPlanner 58 9067 [1.9245730018397023, 0.0, 0.0, 0.0] [545.1476365085912, 0.0, 0.0, 0.0]
requestGoodsToTheCentralPlanner 58 9067 [1.9245730018397023, 0.0, 0.0, 0.0] [545.1476365085912, 0.0, 0.0, 0.0]
concludeProduction 58 9067 1.9245730018397023 2.636170140723957
allowInformationToCentralPlanner 59 9067 [1.9428797389280632, 0.0, 0.0, 0.0] [492.2478493537947, 0.0, 0.0, 0.0]
requestGoodsToTheCentralPlanner 59 9067 [1.9428797389280632, 0.0, 0.0, 0.0] [492.2478493537947, 0.0, 0.0, 0.0]
concludeProduction 59 9067 1.9428797389280632 2.4757622260632397
allowInformationToCentralPlanner 60 9067 [1.9600725321646135, 0.0, 0.0, 0.0] [369.5245109051253, 0.0, 0.0, 0.0]
requestGoodsToTheCentralPlanner 60 9067 [1.9600725321646135, 0.0, 0.0, 0.0] [369.5245109051253, 0.0, 0.0, 0.0]
concludeProduction 60 9067 1.9600725321646135 1.1524330632219182
allowInformationToCentralPlanner 61 9067 [1.9680755395480989, 0.0, 0.0, 0.0] [408.25683453558094, 0.0, 0.0, 0.0]
requestGoodsToTheCentralPlanner 61 9067 [1.9680755395480989, 0.0, 0.0, 0.0] [408.25683453558094, 0.0, 0.0, 0.0]
concludeProduction 61 9067 1.9680755395480989 1.4560066061959431
allowInformationToCentralPlanner 62 9067 [1.9781866965355708, 0.0, 0.0, 0.0] [446.65522726876554, 0.0, 0.0, 0.0]
requestGoodsToTheCentralPlanner 62 9067 [1.9781866965355708, 0.0, 0.0, 0.0] [446.65522726876554, 0.0, 0.0, 0.0]
concludeProduction 62 9067 1.9781866965355708 1.8187878654718366
allowInformationToCentralPlanner 63 9067 [1.9908171678235698, 0.0, 0.0, 0.0] [634.6545606167462, 0.0, 0.0, 0.0]
requestGoodsToTheCentralPlanner 63 9067 [1.9908171678235698, 0.0, 0.0, 0.0] [634.6545606167462, 0.0, 0.0, 0.0]
concludeProduction 63 9067 1.9908171678235698 3.3880235664617233
allowInformationToCentralPlanner 64 9067 [2.014345109257332, 0.0, 0.0, 0.0] [440.9277346936386, 0.0, 0.0, 0.0]
requestGoodsToTheCentralPlanner 64 9067 [2.014345109257332, 0.0, 0.0, 0.0] [440.9277346936386, 0.0, 0.0, 0.0]
concludeProduction 64 9067 2.014345109257332 1.7563858222955493
allowInformationToCentralPlanner 65 9067 [2.0265422330232736, 0.0, 0.0, 0.0] [438.9957102891135, 0.0, 0.0, 0.0]
requestGoodsToTheCentralPlanner 65 9067 [2.0265422330232736, 0.0, 0.0, 0.0] [438.9957102891135, 0.0, 0.0, 0.0]
concludeProduction 65 9067 2.0265422330232736 1.778688856355736
allowInformationToCentralPlanner 66 9067 [2.0388942389701885, 0.0, 0.0, 0.0] [397.039152547122, 0.0, 0.0, 0.0]
requestGoodsToTheCentralPlanner 66 9067 [2.0388942389701885, 0.0, 0.0, 0.0] [397.039152547122, 0.0, 0.0, 0.0]
concludeProduction 66 9067 2.0388942389701885 1.1624798754713699
allowInformationToCentralPlanner 67 9067 [2.046967015883184, 0.0, 0.0, 0.0] [395.76042468410344, 0.0, 0.0, 0.0]
requestGoodsToTheCentralPlanner 67 9067 [2.046967015883184, 0.0, 0.0, 0.0] [395.76042468410344, 0.0, 0.0, 0.0]
concludeProduction 67 9067 2.046967015883184 1.446418682595247
allowInformationToCentralPlanner 68 9067 [2.057011590067873, 0.0, 0.0, 0.0] [244.16936413324888, 0.0, 0.0, 0.0]
requestGoodsToTheCentralPlanner 68 9067 [2.057011590067873, 0.0, 0.0, 0.0] [244.16936413324888, 0.0, 0.0, 0.0]
concludeProduction 68 9067 2.057011590067873 0.0458643332125277
allowInformationToCentralPlanner 69 9067 [2.057330092381849, 0.0, 0.0, 0.0] [474.11891336671505, 0.0, 0.0, 0.0]
requestGoodsToTheCentralPlanner 69 9067 [2.057330092381849, 0.0, 0.0, 0.0] [474.11891336671505, 0.0, 0.0, 0.0]
concludeProduction 69 9067 2.057330092381849 1.835228640342772
allowInformationToCentralPlanner 70 9067 [2.070074735717563, 0.0, 0.0, 0.0] [432.1001618623381, 0.0, 0.0, 0.0]
requestGoodsToTheCentralPlanner 70 9067 [2.070074735717563, 0.0, 0.0, 0.0] [432.1001618623381, 0.0, 0.0, 0.0]
concludeProduction 70 9067 2.070074735717563 1.689946926005117
allowInformationToCentralPlanner 71 9067 [2.081810478259265, 0.0, 0.0, 0.0] [430.2412202437324, 0.0, 0.0, 0.0]
requestGoodsToTheCentralPlanner 71 9067 [2.081810478259265, 0.0, 0.0, 0.0] [430.2412202437324, 0.0, 0.0, 0.0]
concludeProduction 71 9067 2.081810478259265 1.6789139831642101
allowInformationToCentralPlanner 72 9067 [2.0934696031423496, 0.0, 0.0, 0.0] [468.3944148622517, 0.0, 0.0, 0.0]
requestGoodsToTheCentralPlanner 72 9067 [2.0934696031423496, 0.0, 0.0, 0.0] [468.3944148622517, 0.0, 0.0, 0.0]
concludeProduction 72 9067 2.0934696031423496 1.9547268410090815
allowInformationToCentralPlanner 73 9067 [2.1070440950938014, 0.0, 0.0, 0.0] [466.2442153371418, 0.0, 0.0, 0.0]
requestGoodsToTheCentralPlanner 73 9067 [2.1070440950938014, 0.0, 0.0, 0.0] [466.2442153371418, 0.0, 0.0, 0.0]
concludeProduction 73 9067 2.1070440950938014 1.5782075208401576
allowInformationToCentralPlanner 74 9067 [2.11800386954408, 0.0, 0.0, 0.0] [464.5081870642176, 0.0, 0.0, 0.0]
requestGoodsToTheCentralPlanner 74 9067 [2.11800386954408, 0.0, 0.0, 0.0] [464.5081870642176, 0.0, 0.0, 0.0]
concludeProduction 74 9067 2.11800386954408 1.9515819879230314
allowInformationToCentralPlanner 75 9067 [2.1315565222379904, 0.0, 0.0, 0.0] [462.36144687750226, 0.0, 0.0, 0.0]
requestGoodsToTheCentralPlanner 75 9067 [2.1315565222379904, 0.0, 0.0, 0.0] [462.36144687750226, 0.0, 0.0, 0.0]
concludeProduction 75 9067 2.1315565222379904 1.786862327696915
allowInformationToCentralPlanner 76 9067 [2.143965288402552, 0.0, 0.0, 0.0] [460.39589831703563, 0.0, 0.0, 0.0]
requestGoodsToTheCentralPlanner 76 9067 [2.143965288402552, 0.0, 0.0, 0.0] [460.39589831703563, 0.0, 0.0, 0.0]
concludeProduction 76 9067 2.143965288402552 2.055312059430862
allowInformationToCentralPlanner 77 9067 [2.1582382888152667, 0.0, 0.0, 0.0] [458.13505505166177, 0.0, 0.0, 0.0]
requestGoodsToTheCentralPlanner 77 9067 [2.1582382888152667, 0.0, 0.0, 0.0] [458.13505505166177, 0.0, 0.0, 0.0]
concludeProduction 77 9067 2.1582382888152667 1.7225863215705268
allowInformationToCentralPlanner 78 9067 [2.170200693826173, 0.0, 0.0, 0.0] [656.2402100979341, 0.0, 0.0, 0.0]
requestGoodsToTheCentralPlanner 78 9067 [2.170200693826173, 0.0, 0.0, 0.0] [656.2402100979341, 0.0, 0.0, 0.0]
concludeProduction 78 9067 2.170200693826173 2.9987808460357135
allowInformationToCentralPlanner 79 9067 [2.191025560812532, 0.0, 0.0, 0.0] [652.9415511672948, 0.0, 0.0, 0.0]
requestGoodsToTheCentralPlanner 79 9067 [2.191025560812532, 0.0, 0.0, 0.0] [652.9415511672948, 0.0, 0.0, 0.0]
concludeProduction 79 9067 2.191025560812532 3.4874972056679585
allowInformationToCentralPlanner 80 9067 [2.2152442914074486, 0.0, 0.0, 0.0] [549.1053042410601, 0.0, 0.0, 0.0]
requestGoodsToTheCentralPlanner 80 9067 [2.2152442914074486, 0.0, 0.0, 0.0] [549.1053042410601, 0.0, 0.0, 0.0]
concludeProduction 80 9067 2.2152442914074486 2.689301699574912
allowInformationToCentralPlanner 81 9067 [2.233919997654497, 0.0, 0.0, 0.0] [606.1470723715278, 0.0, 0.0, 0.0]
requestGoodsToTheCentralPlanner 81 9067 [2.233919997654497, 0.0, 0.0, 0.0] [606.1470723715278, 0.0, 0.0, 0.0]
concludeProduction 81 9067 2.233919997654497 3.1661213896148865
allowInformationToCentralPlanner 82 9067 [2.2559069517490444, 0.0, 0.0, 0.0] [442.6643388429513, 0.0, 0.0, 0.0]
requestGoodsToTheCentralPlanner 82 9067 [2.2559069517490444, 0.0, 0.0, 0.0] [442.6643388429513, 0.0, 0.0, 0.0]
concludeProduction 82 9067 2.2559069517490444 1.65331169687679
allowInformationToCentralPlanner 83 9067 [2.2673882829773553, 0.0, 0.0, 0.0] [390.84569597638693, 0.0, 0.0, 0.0]
requestGoodsToTheCentralPlanner 83 9067 [2.2673882829773553, 0.0, 0.0, 0.0] [390.84569597638693, 0.0, 0.0, 0.0]
concludeProduction 83 9067 2.2673882829773553 1.0129313736353818
allowInformationToCentralPlanner 84 9067 [2.274422528627601, 0.0, 0.0, 0.0] [339.7314714653881, 0.0, 0.0, 0.0]
requestGoodsToTheCentralPlanner 84 9067 [2.274422528627601, 0.0, 0.0, 0.0] [339.7314714653881, 0.0, 0.0, 0.0]
concludeProduction 84 9067 2.274422528627601 0.7838686305549447
allowInformationToCentralPlanner 85 9067 [2.2798660607842325, 0.0, 0.0, 0.0] [288.86921597177735, 0.0, 0.0, 0.0]
requestGoodsToTheCentralPlanner 85 9067 [2.2798660607842325, 0.0, 0.0, 0.0] [288.86921597177735, 0.0, 0.0, 0.0]
concludeProduction 85 9067 2.2798660607842325 0.2858447806811397
allowInformationToCentralPlanner 86 9067 [2.281851093983408, 0.0, 0.0, 0.0] [338.5547867130283, 0.0, 0.0, 0.0]
requestGoodsToTheCentralPlanner 86 9067 [2.281851093983408, 0.0, 0.0, 0.0] [338.5547867130283, 0.0, 0.0, 0.0]
concludeProduction 86 9067 2.281851093983408 0.5474189414180244
allowInformationToCentralPlanner 87 9067 [2.285652614409922, 0.0, 0.0, 0.0] [237.95262587746842, 0.0, 0.0, 0.0]
requestGoodsToTheCentralPlanner 87 9067 [2.285652614409922, 0.0, 0.0, 0.0] [237.95262587746842, 0.0, 0.0, 0.0]
concludeProduction 87 9067 2.024088112504645 0.0
allowInformationToCentralPlanner 88 9067 [2.283836194257802, 0.0, 0.0, 0.0] [238.24034682956415, 0.0, 0.0, 0.0]
requestGoodsToTheCentralPlanner 88 9067 [2.283836194257802, 0.0, 0.0, 0.0] [238.24034682956415, 0.0, 0.0, 0.0]
concludeProduction 88 9067 2.2013194142169383 0.0
allowInformationToCentralPlanner 89 9067 [2.283263161063074, 0.0, 0.0, 0.0] [278.3311152876091, 0.0, 0.0, 0.0]
requestGoodsToTheCentralPlanner 89 9067 [2.283263161063074, 0.0, 0.0, 0.0] [278.3311152876091, 0.0, 0.0, 0.0]
concludeProduction 89 9067 2.283263161063074 0.14816072310621653
allowInformationToCentralPlanner 90 9067 [2.284292054973533, 0.0, 0.0, 0.0] [358.16813849219216, 0.0, 0.0, 0.0]
requestGoodsToTheCentralPlanner 90 9067 [2.284292054973533, 0.0, 0.0, 0.0] [358.16813849219216, 0.0, 0.0, 0.0]
concludeProduction 90 9067 2.284292054973533 0.8143296496243719
allowInformationToCentralPlanner 91 9067 [2.2899471219848135, 0.0, 0.0, 0.0] [397.27237587760555, 0.0, 0.0, 0.0]
requestGoodsToTheCentralPlanner 91 9067 [2.2899471219848135, 0.0, 0.0, 0.0] [397.27237587760555, 0.0, 0.0, 0.0]
concludeProduction 91 9067 2.2899471219848135 1.0402185553255592
allowInformationToCentralPlanner 92 9067 [2.297170861952352, 0.0, 0.0, 0.0] [356.12813546674727, 0.0, 0.0, 0.0]
requestGoodsToTheCentralPlanner 92 9067 [2.297170861952352, 0.0, 0.0, 0.0] [356.12813546674727, 0.0, 0.0, 0.0]
concludeProduction 92 9067 2.297170861952352 0.905818863146231
allowInformationToCentralPlanner 93 9067 [2.3034612707242004, 0.0, 0.0, 0.0] [395.13173471728663, 0.0, 0.0, 0.0]
requestGoodsToTheCentralPlanner 93 9067 [2.3034612707242004, 0.0, 0.0, 0.0] [395.13173471728663, 0.0, 0.0, 0.0]
concludeProduction 93 9067 2.3034612707242004 1.2176713992913597
allowInformationToCentralPlanner 94 9067 [2.311917322108168, 0.0, 0.0, 0.0] [433.79229617806607, 0.0, 0.0, 0.0]
requestGoodsToTheCentralPlanner 94 9067 [2.311917322108168, 0.0, 0.0, 0.0] [433.79229617806607, 0.0, 0.0, 0.0]
concludeProduction 94 9067 2.311917322108168 1.5808506727046163
allowInformationToCentralPlanner 95 9067 [2.3228954517797282, 0.0, 0.0, 0.0] [432.053360438091, 0.0, 0.0, 0.0]
requestGoodsToTheCentralPlanner 95 9067 [2.3228954517797282, 0.0, 0.0, 0.0] [432.053360438091, 0.0, 0.0, 0.0]
concludeProduction 95 9067 2.3228954517797282 1.1449580656672276
allowInformationToCentralPlanner 96 9067 [2.330846549457973, 0.0, 0.0, 0.0] [580.7939065658568, 0.0, 0.0, 0.0]
requestGoodsToTheCentralPlanner 96 9067 [2.330846549457973, 0.0, 0.0, 0.0] [580.7939065658568, 0.0, 0.0, 0.0]
concludeProduction 96 9067 2.330846549457973 2.509108467261106
allowInformationToCentralPlanner 97 9067 [2.3482709138139533, 0.0, 0.0, 0.0] [578.0338872518695, 0.0, 0.0, 0.0]
requestGoodsToTheCentralPlanner 97 9067 [2.3482709138139533, 0.0, 0.0, 0.0] [578.0338872518695, 0.0, 0.0, 0.0]
concludeProduction 97 9067 2.3482709138139533 2.9345563369082472
allowInformationToCentralPlanner 98 9067 [2.368649777264705, 0.0, 0.0, 0.0] [464.80587528127074, 0.0, 0.0, 0.0]
requestGoodsToTheCentralPlanner 98 9067 [2.368649777264705, 0.0, 0.0, 0.0] [464.80587528127074, 0.0, 0.0, 0.0]
concludeProduction 98 9067 2.368649777264705 1.6717089704934156
allowInformationToCentralPlanner 99 9067 [2.3802588673375755, 0.0, 0.0, 0.0] [462.966995413728, 0.0, 0.0, 0.0]
requestGoodsToTheCentralPlanner 99 9067 [2.3802588673375755, 0.0, 0.0, 0.0] [462.966995413728, 0.0, 0.0, 0.0]
concludeProduction 99 9067 2.3802588673375755 1.613163062780699
allowInformationToCentralPlanner 100 9067 [2.3914613886068863, 0.0, 0.0, 0.0] [421.1925160446691, 0.0, 0.0, 0.0]
requestGoodsToTheCentralPlanner 100 9067 [2.3914613886068863, 0.0, 0.0, 0.0] [421.1925160446691, 0.0, 0.0, 0.0]
concludeProduction 100 9067 2.3914613886068863 1.254507520942974
allowInformationToCentralPlanner 101 9067 [2.400173246391212, 0.0, 0.0, 0.0] [459.812557771632, 0.0, 0.0, 0.0]
requestGoodsToTheCentralPlanner 101 9067 [2.400173246391212, 0.0, 0.0, 0.0] [459.812557771632, 0.0, 0.0, 0.0]
concludeProduction 101 9067 2.400173246391212 1.6880258225818494
allowInformationToCentralPlanner 102 9067 [2.4118956479369196, 0.0, 0.0, 0.0] [247.9557293667919, 0.0, 0.0, 0.0]
requestGoodsToTheCentralPlanner 102 9067 [2.4118956479369196, 0.0, 0.0, 0.0] [247.9557293667919, 0.0, 0.0, 0.0]
concludeProduction 102 9067 2.192290428077562 0.0
allowInformationToCentralPlanner 103 9067 [2.4103706116878962, 0.0, 0.0, 0.0] [458.1972951086372, 0.0, 0.0, 0.0]
requestGoodsToTheCentralPlanner 103 9067 [2.4103706116878962, 0.0, 0.0, 0.0] [458.1972951086372, 0.0, 0.0, 0.0]
concludeProduction 103 9067 2.4103706116878962 1.6756462952648183
allowInformationToCentralPlanner 104 9067 [2.4220070442939026, 0.0, 0.0, 0.0] [416.35408418384577, 0.0, 0.0, 0.0]
requestGoodsToTheCentralPlanner 104 9067 [2.4220070442939026, 0.0, 0.0, 0.0] [416.35408418384577, 0.0, 0.0, 0.0]
concludeProduction 104 9067 2.4220070442939026 1.2636572222579376
allowInformationToCentralPlanner 105 9067 [2.4307824416706936, 0.0, 0.0, 0.0] [414.9640612393621, 0.0, 0.0, 0.0]
requestGoodsToTheCentralPlanner 105 9067 [2.4307824416706936, 0.0, 0.0, 0.0] [414.9640612393621, 0.0, 0.0, 0.0]
concludeProduction 105 9067 2.4307824416706936 1.1457879494741698
allowInformationToCentralPlanner 106 9067 [2.438739302430931, 0.0, 0.0, 0.0] [453.7036944949405, 0.0, 0.0, 0.0]
requestGoodsToTheCentralPlanner 106 9067 [2.438739302430931, 0.0, 0.0, 0.0] [453.7036944949405, 0.0, 0.0, 0.0]
concludeProduction 106 9067 2.438739302430931 1.6377949151192137
allowInformationToCentralPlanner 107 9067 [2.45011287823037, 0.0, 0.0, 0.0] [371.90212008830946, 0.0, 0.0, 0.0]
requestGoodsToTheCentralPlanner 107 9067 [2.45011287823037, 0.0, 0.0, 0.0] [371.90212008830946, 0.0, 0.0, 0.0]
concludeProduction 107 9067 2.45011287823037 0.9183265584872617
allowInformationToCentralPlanner 108 9067 [2.456490145997642, 0.0, 0.0, 0.0] [330.8919608739733, 0.0, 0.0, 0.0]
requestGoodsToTheCentralPlanner 108 9067 [2.456490145997642, 0.0, 0.0, 0.0] [330.8919608739733, 0.0, 0.0, 0.0]
concludeProduction 108 9067 2.456490145997642 0.4494839034842517
allowInformationToCentralPlanner 109 9067 [2.459611561994061, 0.0, 0.0, 0.0] [460.39752858014083, 0.0, 0.0, 0.0]
requestGoodsToTheCentralPlanner 109 9067 [2.459611561994061, 0.0, 0.0, 0.0] [460.39752858014083, 0.0, 0.0, 0.0]
concludeProduction 109 9067 2.459611561994061 1.3570723085458392
allowInformationToCentralPlanner 110 9067 [2.469035675247851, 0.0, 0.0, 0.0] [328.90474904074017, 0.0, 0.0, 0.0]
requestGoodsToTheCentralPlanner 110 9067 [2.469035675247851, 0.0, 0.0, 0.0] [328.90474904074017, 0.0, 0.0, 0.0]
concludeProduction 110 9067 2.469035675247851 0.5920100226817433
allowInformationToCentralPlanner 111 9067 [2.473146855960919, 0.0, 0.0, 0.0] [288.2535380157905, 0.0, 0.0, 0.0]
requestGoodsToTheCentralPlanner 111 9067 [2.473146855960919, 0.0, 0.0, 0.0] [288.2535380157905, 0.0, 0.0, 0.0]
concludeProduction 111 9067 2.473146855960919 0.002319752262854635
allowInformationToCentralPlanner 112 9067 [2.473162965351633, 0.0, 0.0, 0.0] [288.25098628830136, 0.0, 0.0, 0.0]
requestGoodsToTheCentralPlanner 112 9067 [2.473162965351633, 0.0, 0.0, 0.0] [288.25098628830136, 0.0, 0.0, 0.0]
concludeProduction 112 9067 2.473162965351633 0.10022842541949917
allowInformationToCentralPlanner 113 9067 [2.473858996083713, 0.0, 0.0, 0.0] [508.1407350203398, 0.0, 0.0, 0.0]
requestGoodsToTheCentralPlanner 113 9067 [2.473858996083713, 0.0, 0.0, 0.0] [508.1407350203398, 0.0, 0.0, 0.0]
concludeProduction 113 9067 2.473858996083713 2.0160381207737172
allowInformationToCentralPlanner 114 9067 [2.4878592608113084, 0.0, 0.0, 0.0] [365.9230930874887, 0.0, 0.0, 0.0]
requestGoodsToTheCentralPlanner 114 9067 [2.4878592608113084, 0.0, 0.0, 0.0] [365.9230930874887, 0.0, 0.0, 0.0]
concludeProduction 114 9067 2.4878592608113084 0.5273279344821638
allowInformationToCentralPlanner 115 9067 [2.491521260356323, 0.0, 0.0, 0.0] [505.3430323595583, 0.0, 0.0, 0.0]
requestGoodsToTheCentralPlanner 115 9067 [2.491521260356323, 0.0, 0.0, 0.0] [505.3430323595583, 0.0, 0.0, 0.0]
concludeProduction 115 9067 2.491521260356323 2.0646577890907416
allowInformationToCentralPlanner 116 9067 [2.5058591616694534, 0.0, 0.0, 0.0] [403.0719087915585, 0.0, 0.0, 0.0]
requestGoodsToTheCentralPlanner 116 9067 [2.5058591616694534, 0.0, 0.0, 0.0] [403.0719087915585, 0.0, 0.0, 0.0]
concludeProduction 116 9067 2.5058591616694534 0.9853684208557927
allowInformationToCentralPlanner 117 9067 [2.512701997925397, 0.0, 0.0, 0.0] [401.98800352861707, 0.0, 0.0, 0.0]
requestGoodsToTheCentralPlanner 117 9067 [2.512701997925397, 0.0, 0.0, 0.0] [401.98800352861707, 0.0, 0.0, 0.0]
concludeProduction 117 9067 2.512701997925397 0.9210778686750354
allowInformationToCentralPlanner 118 9067 [2.5190983720134184, 0.0, 0.0, 0.0] [400.97481787307447, 0.0, 0.0, 0.0]
requestGoodsToTheCentralPlanner 118 9067 [2.5190983720134184, 0.0, 0.0, 0.0] [400.97481787307447, 0.0, 0.0, 0.0]
concludeProduction 118 9067 2.5190983720134184 1.0042528975505767
allowInformationToCentralPlanner 119 9067 [2.52607235046863, 0.0, 0.0, 0.0] [349.87013968576895, 0.0, 0.0, 0.0]
requestGoodsToTheCentralPlanner 119 9067 [2.52607235046863, 0.0, 0.0, 0.0] [349.87013968576895, 0.0, 0.0, 0.0]
concludeProduction 119 9067 2.52607235046863 0.6010820809673527
allowInformationToCentralPlanner 120 9067 [2.5302465315864593, 0.0, 0.0, 0.0] [399.2089493967047, 0.0, 0.0, 0.0]
requestGoodsToTheCentralPlanner 120 9067 [2.5302465315864593, 0.0, 0.0, 0.0] [399.2089493967047, 0.0, 0.0, 0.0]
concludeProduction 120 9067 2.5302465315864593 0.7446839699254535
allowInformationToCentralPlanner 121 9067 [2.5354179480442753, 0.0, 0.0, 0.0] [278.3897970297868, 0.0, 0.0, 0.0]
requestGoodsToTheCentralPlanner 121 9067 [2.5354179480442753, 0.0, 0.0, 0.0] [278.3897970297868, 0.0, 0.0, 0.0]
concludeProduction 121 9067 2.3261483503400378 0.0
allowInformationToCentralPlanner 122 9067 [2.5339646869491066, 0.0, 0.0, 0.0] [318.61999358726126, 0.0, 0.0, 0.0]
requestGoodsToTheCentralPlanner 122 9067 [2.5339646869491066, 0.0, 0.0, 0.0] [318.61999358726126, 0.0, 0.0, 0.0]
concludeProduction 122 9067 2.5339646869491066 0.1915293098008095
allowInformationToCentralPlanner 123 9067 [2.5352947516005018, 0.0, 0.0, 0.0] [318.40931134648037, 0.0, 0.0, 0.0]
requestGoodsToTheCentralPlanner 123 9067 [2.5352947516005018, 0.0, 0.0, 0.0] [318.40931134648037, 0.0, 0.0, 0.0]
concludeProduction 123 9067 2.5352947516005018 0.1458791144156053
allowInformationToCentralPlanner 124 9067 [2.5363078010061657, 0.0, 0.0, 0.0] [278.2488443206234, 0.0, 0.0, 0.0]
requestGoodsToTheCentralPlanner 124 9067 [2.5363078010061657, 0.0, 0.0, 0.0] [278.2488443206234, 0.0, 0.0, 0.0]
concludeProduction 124 9067 2.5122652218323576 0.0
allowInformationToCentralPlanner 125 9067 [2.5361408386507924, 0.0, 0.0, 0.0] [448.2752911577145, 0.0, 0.0, 0.0]
requestGoodsToTheCentralPlanner 125 9067 [2.5361408386507924, 0.0, 0.0, 0.0] [448.2752911577145, 0.0, 0.0, 0.0]
concludeProduction 125 9067 2.5361408386507924 1.227653190733732
allowInformationToCentralPlanner 126 9067 [2.544666208030888, 0.0, 0.0, 0.0] [396.9248726479073, 0.0, 0.0, 0.0]
requestGoodsToTheCentralPlanner 126 9067 [2.544666208030888, 0.0, 0.0, 0.0] [396.9248726479073, 0.0, 0.0, 0.0]
concludeProduction 126 9067 2.544666208030888 0.8904934081304292
allowInformationToCentralPlanner 127 9067 [2.550850190031794, 0.0, 0.0, 0.0] [495.9453298989638, 0.0, 0.0, 0.0]
requestGoodsToTheCentralPlanner 127 9067 [2.550850190031794, 0.0, 0.0, 0.0] [495.9453298989638, 0.0, 0.0, 0.0]
concludeProduction 127 9067 2.550850190031794 1.6560318206393823
allowInformationToCentralPlanner 128 9067 [2.562350411008456, 0.0, 0.0, 0.0] [434.12369489626053, 0.0, 0.0, 0.0]
requestGoodsToTheCentralPlanner 128 9067 [2.562350411008456, 0.0, 0.0, 0.0] [434.12369489626053, 0.0, 0.0, 0.0]
concludeProduction 128 9067 2.562350411008456 1.0835888523512942
allowInformationToCentralPlanner 129 9067 [2.569875333594229, 0.0, 0.0, 0.0] [372.93174715867417, 0.0, 0.0, 0.0]
requestGoodsToTheCentralPlanner 129 9067 [2.569875333594229, 0.0, 0.0, 0.0] [372.93174715867417, 0.0, 0.0, 0.0]
concludeProduction 129 9067 2.569875333594229 0.5723089388743308
allowInformationToCentralPlanner 130 9067 [2.5738497012253005, 0.0, 0.0, 0.0] [432.3022073259123, 0.0, 0.0, 0.0]
requestGoodsToTheCentralPlanner 130 9067 [2.5738497012253005, 0.0, 0.0, 0.0] [432.3022073259123, 0.0, 0.0, 0.0]
concludeProduction 130 9067 2.5738497012253005 0.9187897291577962
allowInformationToCentralPlanner 131 9067 [2.580230185455563, 0.0, 0.0, 0.0] [491.29153862383873, 0.0, 0.0, 0.0]
requestGoodsToTheCentralPlanner 131 9067 [2.580230185455563, 0.0, 0.0, 0.0] [491.29153862383873, 0.0, 0.0, 0.0]
concludeProduction 131 9067 2.580230185455563 1.9182412306297314
allowInformationToCentralPlanner 132 9067 [2.5935513051127144, 0.0, 0.0, 0.0] [429.181473270146, 0.0, 0.0, 0.0]
requestGoodsToTheCentralPlanner 132 9067 [2.5935513051127144, 0.0, 0.0, 0.0] [429.181473270146, 0.0, 0.0, 0.0]
concludeProduction 132 9067 2.5935513051127144 1.0790575953720185
allowInformationToCentralPlanner 133 9067 [2.601044760636131, 0.0, 0.0, 0.0] [337.99450991523685, 0.0, 0.0, 0.0]
requestGoodsToTheCentralPlanner 133 9067 [2.601044760636131, 0.0, 0.0, 0.0] [337.99450991523685, 0.0, 0.0, 0.0]
concludeProduction 133 9067 2.601044760636131 0.26321671521396794
allowInformationToCentralPlanner 134 9067 [2.602872654491784, 0.0, 0.0, 0.0] [267.7049715285015, 0.0, 0.0, 0.0]
requestGoodsToTheCentralPlanner 134 9067 [2.602872654491784, 0.0, 0.0, 0.0] [267.7049715285015, 0.0, 0.0, 0.0]
concludeProduction 134 9067 2.175296773767279 0.0
allowInformationToCentralPlanner 135 9067 [2.599903377542308, 0.0, 0.0, 0.0] [438.17530499729844, 0.0, 0.0, 0.0]
requestGoodsToTheCentralPlanner 135 9067 [2.599903377542308, 0.0, 0.0, 0.0] [438.17530499729844, 0.0, 0.0, 0.0]
concludeProduction 135 9067 2.599903377542308 1.2637906504971221
allowInformationToCentralPlanner 136 9067 [2.608679701504093, 0.0, 0.0, 0.0] [486.78513528175154, 0.0, 0.0, 0.0]
requestGoodsToTheCentralPlanner 136 9067 [2.608679701504093, 0.0, 0.0, 0.0] [486.78513528175154, 0.0, 0.0, 0.0]
concludeProduction 136 9067 2.608679701504093 1.5845299584986248
allowInformationToCentralPlanner 137 9067 [2.619683381771445, 0.0, 0.0, 0.0] [485.042152327403, 0.0, 0.0, 0.0]
requestGoodsToTheCentralPlanner 137 9067 [2.619683381771445, 0.0, 0.0, 0.0] [485.042152327403, 0.0, 0.0, 0.0]
concludeProduction 137 9067 2.619683381771445 1.5492964251543402
allowInformationToCentralPlanner 138 9067 [2.6304423847239056, 0.0, 0.0, 0.0] [383.3379262597333, 0.0, 0.0, 0.0]
requestGoodsToTheCentralPlanner 138 9067 [2.6304423847239056, 0.0, 0.0, 0.0] [383.3379262597333, 0.0, 0.0, 0.0]
concludeProduction 138 9067 2.6304423847239056 0.45574224968809274
allowInformationToCentralPlanner 139 9067 [2.6336072614578505, 0.0, 0.0, 0.0] [382.83660978507635, 0.0, 0.0, 0.0]
requestGoodsToTheCentralPlanner 139 9067 [2.6336072614578505, 0.0, 0.0, 0.0] [382.83660978507635, 0.0, 0.0, 0.0]
concludeProduction 139 9067 2.6336072614578505 0.8267018784121256
allowInformationToCentralPlanner 140 9067 [2.639348246724602, 0.0, 0.0, 0.0] [381.927237718823, 0.0, 0.0, 0.0]
requestGoodsToTheCentralPlanner 140 9067 [2.639348246724602, 0.0, 0.0, 0.0] [381.927237718823, 0.0, 0.0, 0.0]
concludeProduction 140 9067 2.639348246724602 0.5749044817063913
allowInformationToCentralPlanner 141 9067 [2.643340638958674, 0.0, 0.0, 0.0] [241.29484278894603, 0.0, 0.0, 0.0]
requestGoodsToTheCentralPlanner 141 9067 [2.643340638958674, 0.0, 0.0, 0.0] [241.29484278894603, 0.0, 0.0, 0.0]
concludeProduction 141 9067 1.9803466241615406 0.0
allowInformationToCentralPlanner 142 9067 [2.638736513855916, 0.0, 0.0, 0.0] [182.0241362052229, 0.0, 0.0, 0.0]
requestGoodsToTheCentralPlanner 142 9067 [2.638736513855916, 0.0, 0.0, 0.0] [182.0241362052229, 0.0, 0.0, 0.0]
concludeProduction 142 9067 1.5007771250178157 0.0
allowInformationToCentralPlanner 143 9067 [2.630834018100096, 0.0, 0.0, 0.0] [213.27589153294474, 0.0, 0.0, 0.0]
requestGoodsToTheCentralPlanner 143 9067 [2.630834018100096, 0.0, 0.0, 0.0] [213.27589153294474, 0.0, 0.0, 0.0]
concludeProduction 143 9067 1.8364185476741308 0.0
allowInformationToCentralPlanner 144 9067 [2.6253172439999157, 0.0, 0.0, 0.0] [154.14974855041328, 0.0, 0.0, 0.0]
requestGoodsToTheCentralPlanner 144 9067 [2.6253172439999157, 0.0, 0.0, 0.0] [154.14974855041328, 0.0, 0.0, 0.0]
concludeProduction 144 9067 1.3581841829264183 0.0
allowInformationToCentralPlanner 145 9067 [2.616517708853572, 0.0, 0.0, 0.0] [155.54359491759416, 0.0, 0.0, 0.0]
requestGoodsToTheCentralPlanner 145 9067 [2.616517708853572, 0.0, 0.0, 0.0] [155.54359491759416, 0.0, 0.0, 0.0]
concludeProduction 145 9067 1.3378300025741992 0.0
allowInformationToCentralPlanner 146 9067 [2.607637933115521, 0.0, 0.0, 0.0] [156.9501513945015, 0.0, 0.0, 0.0]
requestGoodsToTheCentralPlanner 146 9067 [2.607637933115521, 0.0, 0.0, 0.0] [156.9501513945015, 0.0, 0.0, 0.0]
concludeProduction 146 9067 1.2760924837635543 0.0
allowInformationToCentralPlanner 147 9067 [2.5983910897172433, 0.0, 0.0, 0.0] [158.4148513887886, 0.0, 0.0, 0.0]
requestGoodsToTheCentralPlanner 147 9067 [2.5983910897172433, 0.0, 0.0, 0.0] [158.4148513887886, 0.0, 0.0, 0.0]
concludeProduction 147 9067 1.3604968664437334 0.0
allowInformationToCentralPlanner 148 9067 [2.5897946020556217, 0.0, 0.0, 0.0] [219.7765350343895, 0.0, 0.0, 0.0]
requestGoodsToTheCentralPlanner 148 9067 [2.5897946020556217, 0.0, 0.0, 0.0] [219.7765350343895, 0.0, 0.0, 0.0]
concludeProduction 148 9067 1.9303242570116677 0.0
allowInformationToCentralPlanner 149 9067 [2.5852149468817056, 0.0, 0.0, 0.0] [220.5019524139379, 0.0, 0.0, 0.0]
requestGoodsToTheCentralPlanner 149 9067 [2.5852149468817056, 0.0, 0.0, 0.0] [220.5019524139379, 0.0, 0.0, 0.0]
concludeProduction 149 9067 2.0005859219917608 0.0
allowInformationToCentralPlanner 150 9067 [2.581155023097747, 0.0, 0.0, 0.0] [221.14504434131683, 0.0, 0.0, 0.0]
requestGoodsToTheCentralPlanner 150 9067 [2.581155023097747, 0.0, 0.0, 0.0] [221.14504434131683, 0.0, 0.0, 0.0]
concludeProduction 150 9067 1.8041222852582326 0.0
allowInformationToCentralPlanner 151 9067 [2.5757589624183064, 0.0, 0.0, 0.0] [191.99978035294032, 0.0, 0.0, 0.0]
requestGoodsToTheCentralPlanner 151 9067 [2.5757589624183064, 0.0, 0.0, 0.0] [191.99978035294032, 0.0, 0.0, 0.0]
concludeProduction 151 9067 1.5347053162977402 0.0
allowInformationToCentralPlanner 152 9067 [2.568529423209136, 0.0, 0.0, 0.0] [313.1449393636727, 0.0, 0.0, 0.0]
requestGoodsToTheCentralPlanner 152 9067 [2.568529423209136, 0.0, 0.0, 0.0] [313.1449393636727, 0.0, 0.0, 0.0]
concludeProduction 152 9067 2.568529423209136 0.16766160974463773
allowInformationToCentralPlanner 153 9067 [2.569693739943474, 0.0, 0.0, 0.0] [392.96051159295365, 0.0, 0.0, 0.0]
requestGoodsToTheCentralPlanner 153 9067 [2.569693739943474, 0.0, 0.0, 0.0] [392.96051159295365, 0.0, 0.0, 0.0]
concludeProduction 153 9067 2.569693739943474 0.8005958595122031
allowInformationToCentralPlanner 154 9067 [2.5752534334123087, 0.0, 0.0, 0.0] [292.0798561474904, 0.0, 0.0, 0.0]
requestGoodsToTheCentralPlanner 154 9067 [2.5752534334123087, 0.0, 0.0, 0.0] [292.0798561474904, 0.0, 0.0, 0.0]
concludeProduction 154 9067 2.4689575442819054 0.0
allowInformationToCentralPlanner 155 9067 [2.574515267515569, 0.0, 0.0, 0.0] [292.1967816255339, 0.0, 0.0, 0.0]
requestGoodsToTheCentralPlanner 155 9067 [2.574515267515569, 0.0, 0.0, 0.0] [292.1967816255339, 0.0, 0.0, 0.0]
concludeProduction 155 9067 2.463203062208769 0.0
allowInformationToCentralPlanner 156 9067 [2.5737422660898273, 0.0, 0.0, 0.0] [392.3192250513713, 0.0, 0.0, 0.0]
requestGoodsToTheCentralPlanner 156 9067 [2.5737422660898273, 0.0, 0.0, 0.0] [392.3192250513713, 0.0, 0.0, 0.0]
concludeProduction 156 9067 2.5737422660898273 0.7415130659140008
allowInformationToCentralPlanner 157 9067 [2.5788916623808973, 0.0, 0.0, 0.0] [441.5035606788659, 0.0, 0.0, 0.0]
requestGoodsToTheCentralPlanner 157 9067 [2.5788916623808973, 0.0, 0.0, 0.0] [441.5035606788659, 0.0, 0.0, 0.0]
concludeProduction 157 9067 2.5788916623808973 1.1549357894642078
allowInformationToCentralPlanner 158 9067 [2.5869120498077316, 0.0, 0.0, 0.0] [310.2331313104552, 0.0, 0.0, 0.0]
requestGoodsToTheCentralPlanner 158 9067 [2.5869120498077316, 0.0, 0.0, 0.0] [310.2331313104552, 0.0, 0.0, 0.0]
concludeProduction 158 9067 2.5869120498077316 0.0909381323447187
allowInformationToCentralPlanner 159 9067 [2.5875435646156815, 0.0, 0.0, 0.0] [310.1330993648759, 0.0, 0.0, 0.0]
requestGoodsToTheCentralPlanner 159 9067 [2.5875435646156815, 0.0, 0.0, 0.0] [310.1330993648759, 0.0, 0.0, 0.0]
concludeProduction 159 9067 2.395123228888164 0.0
allowInformationToCentralPlanner 160 9067 [2.58620731228424, 0.0, 0.0, 0.0] [540.344761734176, 0.0, 0.0, 0.0]
requestGoodsToTheCentralPlanner 160 9067 [2.58620731228424, 0.0, 0.0, 0.0] [540.344761734176, 0.0, 0.0, 0.0]
concludeProduction 160 9067 2.58620731228424 2.0637103115128
allowInformationToCentralPlanner 161 9067 [2.6005386338919676, 0.0, 0.0, 0.0] [348.0746803915123, 0.0, 0.0, 0.0]
requestGoodsToTheCentralPlanner 161 9067 [2.6005386338919676, 0.0, 0.0, 0.0] [348.0746803915123, 0.0, 0.0, 0.0]
concludeProduction 161 9067 2.6005386338919676 0.32973656410156105
allowInformationToCentralPlanner 162 9067 [2.602828471142673, 0.0, 0.0, 0.0] [307.7119701710004, 0.0, 0.0, 0.0]
requestGoodsToTheCentralPlanner 162 9067 [2.602828471142673, 0.0, 0.0, 0.0] [307.7119701710004, 0.0, 0.0, 0.0]
concludeProduction 162 9067 2.580655988778522 0.0
allowInformationToCentralPlanner 163 9067 [2.602674495570699, 0.0, 0.0, 0.0] [267.7363599016012, 0.0, 0.0, 0.0]
requestGoodsToTheCentralPlanner 163 9067 [2.602674495570699, 0.0, 0.0, 0.0] [267.7363599016012, 0.0, 0.0, 0.0]
concludeProduction 163 9067 2.161385345588921 0.0
allowInformationToCentralPlanner 164 9067 [2.599609987584715, 0.0, 0.0, 0.0] [388.2217779665811, 0.0, 0.0, 0.0]
requestGoodsToTheCentralPlanner 164 9067 [2.599609987584715, 0.0, 0.0, 0.0] [388.2217779665811, 0.0, 0.0, 0.0]
concludeProduction 164 9067 2.599609987584715 0.7097620202320534
allowInformationToCentralPlanner 165 9067 [2.6045388905029934, 0.0, 0.0, 0.0] [267.44103974432596, 0.0, 0.0, 0.0]
requestGoodsToTheCentralPlanner 165 9067 [2.6045388905029934, 0.0, 0.0, 0.0] [267.44103974432596, 0.0, 0.0, 0.0]
concludeProduction 165 9067 2.293946666274519 0.0
allowInformationToCentralPlanner 166 9067 [2.6023820000569624, 0.0, 0.0, 0.0] [387.7826911909771, 0.0, 0.0, 0.0]
requestGoodsToTheCentralPlanner 166 9067 [2.6023820000569624, 0.0, 0.0, 0.0] [387.7826911909771, 0.0, 0.0, 0.0]
concludeProduction 166 9067 2.6023820000569624 0.7223355845587713
allowInformationToCentralPlanner 167 9067 [2.607398219394176, 0.0, 0.0, 0.0] [286.9881220479626, 0.0, 0.0, 0.0]
requestGoodsToTheCentralPlanner 167 9067 [2.607398219394176, 0.0, 0.0, 0.0] [286.9881220479626, 0.0, 0.0, 0.0]
concludeProduction 167 9067 2.365026607857669 0.0
allowInformationToCentralPlanner 168 9067 [2.6057150832029503, 0.0, 0.0, 0.0] [367.25473082065264, 0.0, 0.0, 0.0]
requestGoodsToTheCentralPlanner 168 9067 [2.6057150832029503, 0.0, 0.0, 0.0] [367.25473082065264, 0.0, 0.0, 0.0]
concludeProduction 168 9067 2.6057150832029503 0.49190713281066456
allowInformationToCentralPlanner 169 9067 [2.6091311049585806, 0.0, 0.0, 0.0] [426.7136329745608, 0.0, 0.0, 0.0]
requestGoodsToTheCentralPlanner 169 9067 [2.6091311049585806, 0.0, 0.0, 0.0] [426.7136329745608, 0.0, 0.0, 0.0]
concludeProduction 169 9067 2.6091311049585806 1.086749958576624
allowInformationToCentralPlanner 170 9067 [2.6166779796709183, 0.0, 0.0, 0.0] [385.5182080201265, 0.0, 0.0, 0.0]
requestGoodsToTheCentralPlanner 170 9067 [2.6166779796709183, 0.0, 0.0, 0.0] [385.5182080201265, 0.0, 0.0, 0.0]
concludeProduction 170 9067 2.6166779796709183 0.479187319589081
allowInformationToCentralPlanner 171 9067 [2.6200056693902867, 0.0, 0.0, 0.0] [434.9911019685785, 0.0, 0.0, 0.0]
requestGoodsToTheCentralPlanner 171 9067 [2.6200056693902867, 0.0, 0.0, 0.0] [434.9911019685785, 0.0, 0.0, 0.0]
concludeProduction 171 9067 2.6200056693902867 0.9516071173234106
allowInformationToCentralPlanner 172 9067 [2.6266140521494767, 0.0, 0.0, 0.0] [343.9443341395228, 0.0, 0.0, 0.0]
requestGoodsToTheCentralPlanner 172 9067 [2.6266140521494767, 0.0, 0.0, 0.0] [343.9443341395228, 0.0, 0.0, 0.0]
concludeProduction 172 9067 2.6266140521494767 0.43267844415352474
allowInformationToCentralPlanner 173 9067 [2.6296187635672097, 0.0, 0.0, 0.0] [423.46838785095395, 0.0, 0.0, 0.0]
requestGoodsToTheCentralPlanner 173 9067 [2.6296187635672097, 0.0, 0.0, 0.0] [423.46838785095395, 0.0, 0.0, 0.0]
concludeProduction 173 9067 2.6296187635672097 0.8129472583319783
allowInformationToCentralPlanner 174 9067 [2.6352642306389593, 0.0, 0.0, 0.0] [212.57414586678877, 0.0, 0.0, 0.0]
requestGoodsToTheCentralPlanner 174 9067 [2.6352642306389593, 0.0, 0.0, 0.0] [212.57414586678877, 0.0, 0.0, 0.0]
concludeProduction 174 9067 1.7712451740877204 0.0
allowInformationToCentralPlanner 175 9067 [2.629264098301798, 0.0, 0.0, 0.0] [243.52456682899523, 0.0, 0.0, 0.0]
requestGoodsToTheCentralPlanner 175 9067 [2.629264098301798, 0.0, 0.0, 0.0] [243.52456682899523, 0.0, 0.0, 0.0]
concludeProduction 175 9067 2.0881340371752533 0.0
allowInformationToCentralPlanner 176 9067 [2.625506250655086, 0.0, 0.0, 0.0] [184.1198098962344, 0.0, 0.0, 0.0]
requestGoodsToTheCentralPlanner 176 9067 [2.625506250655086, 0.0, 0.0, 0.0] [184.1198098962344, 0.0, 0.0, 0.0]
concludeProduction 176 9067 1.472341656847826 0.0
allowInformationToCentralPlanner 177 9067 [2.6174981631980914, 0.0, 0.0, 0.0] [385.38829094942224, 0.0, 0.0, 0.0]
requestGoodsToTheCentralPlanner 177 9067 [2.6174981631980914, 0.0, 0.0, 0.0] [385.38829094942224, 0.0, 0.0, 0.0]
concludeProduction 177 9067 2.6174981631980914 0.6782934506498668
allowInformationToCentralPlanner 178 9067 [2.62220853438316, 0.0, 0.0, 0.0] [344.6421681537075, 0.0, 0.0, 0.0]
requestGoodsToTheCentralPlanner 178 9067 [2.62220853438316, 0.0, 0.0, 0.0] [344.6421681537075, 0.0, 0.0, 0.0]
concludeProduction 178 9067 2.62220853438316 0.4067540836121979
allowInformationToCentralPlanner 179 9067 [2.625033215519356, 0.0, 0.0, 0.0] [264.19473866173405, 0.0, 0.0, 0.0]
requestGoodsToTheCentralPlanner 179 9067 [2.625033215519356, 0.0, 0.0, 0.0] [264.19473866173405, 0.0, 0.0, 0.0]
concludeProduction 179 9067 2.1406806528360045 0.0
allowInformationToCentralPlanner 180 9067 [2.621669656056277, 0.0, 0.0, 0.0] [484.7275264806856, 0.0, 0.0, 0.0]
requestGoodsToTheCentralPlanner 180 9067 [2.621669656056277, 0.0, 0.0, 0.0] [484.7275264806856, 0.0, 0.0, 0.0]
concludeProduction 180 9067 2.621669656056277 1.173481564826902
allowInformationToCentralPlanner 181 9067 [2.6298188335897974, 0.0, 0.0, 0.0] [483.436696759376, 0.0, 0.0, 0.0]
requestGoodsToTheCentralPlanner 181 9067 [2.6298188335897974, 0.0, 0.0, 0.0] [483.436696759376, 0.0, 0.0, 0.0]
concludeProduction 181 9067 2.6298188335897974 1.4089653073303898
allowInformationToCentralPlanner 182 9067 [2.6396033148907034, 0.0, 0.0, 0.0] [481.8868349213125, 0.0, 0.0, 0.0]
requestGoodsToTheCentralPlanner 182 9067 [2.6396033148907034, 0.0, 0.0, 0.0] [481.8868349213125, 0.0, 0.0, 0.0]
concludeProduction 182 9067 2.6396033148907034 1.4342523391605897
allowInformationToCentralPlanner 183 9067 [2.6495634005793183, 0.0, 0.0, 0.0] [380.30915734823583, 0.0, 0.0, 0.0]
requestGoodsToTheCentralPlanner 183 9067 [2.6495634005793183, 0.0, 0.0, 0.0] [380.30915734823583, 0.0, 0.0, 0.0]
concludeProduction 183 9067 2.6495634005793183 0.5634665153236322
allowInformationToCentralPlanner 184 9067 [2.653476362491289, 0.0, 0.0, 0.0] [329.6893441813799, 0.0, 0.0, 0.0]
requestGoodsToTheCentralPlanner 184 9067 [2.653476362491289, 0.0, 0.0, 0.0] [329.6893441813799, 0.0, 0.0, 0.0]
concludeProduction 184 9067 2.653476362491289 0.044548400522824494
allowInformationToCentralPlanner 185 9067 [2.653785726383808, 0.0, 0.0, 0.0] [329.64034094080483, 0.0, 0.0, 0.0]
requestGoodsToTheCentralPlanner 185 9067 [2.653785726383808, 0.0, 0.0, 0.0] [329.64034094080483, 0.0, 0.0, 0.0]
concludeProduction 185 9067 2.653785726383808 0.10910264006038917
allowInformationToCentralPlanner 186 9067 [2.654543383606449, 0.0, 0.0, 0.0] [379.52032803673836, 0.0, 0.0, 0.0]
requestGoodsToTheCentralPlanner 186 9067 [2.654543383606449, 0.0, 0.0, 0.0] [379.52032803673836, 0.0, 0.0, 0.0]
concludeProduction 186 9067 2.654543383606449 0.512317373722508
allowInformationToCentralPlanner 187 9067 [2.658101143146189, 0.0, 0.0, 0.0] [328.9567789256437, 0.0, 0.0, 0.0]
requestGoodsToTheCentralPlanner 187 9067 [2.658101143146189, 0.0, 0.0, 0.0] [328.9567789256437, 0.0, 0.0, 0.0]
concludeProduction 187 9067 2.6414087308637098 0.0
allowInformationToCentralPlanner 188 9067 [2.6579852236164494, 0.0, 0.0, 0.0] [178.97514057915436, 0.0, 0.0, 0.0]
requestGoodsToTheCentralPlanner 188 9067 [2.6579852236164494, 0.0, 0.0, 0.0] [178.97514057915436, 0.0, 0.0, 0.0]
concludeProduction 188 9067 1.5360184195495752 0.0
allowInformationToCentralPlanner 189 9067 [2.650193787477096, 0.0, 0.0, 0.0] [260.209304063628, 0.0, 0.0, 0.0]
requestGoodsToTheCentralPlanner 189 9067 [2.650193787477096, 0.0, 0.0, 0.0] [260.209304063628, 0.0, 0.0, 0.0]
concludeProduction 189 9067 2.1546377881399086 0.0
allowInformationToCentralPlanner 190 9067 [2.6467524263705875, 0.0, 0.0, 0.0] [150.75441566289888, 0.0, 0.0, 0.0]
requestGoodsToTheCentralPlanner 190 9067 [2.6467524263705875, 0.0, 0.0, 0.0] [150.75441566289888, 0.0, 0.0, 0.0]
concludeProduction 190 9067 1.2789818954598529 0.0
allowInformationToCentralPlanner 191 9067 [2.6372540199059302, 0.0, 0.0, 0.0] [182.2589632469007, 0.0, 0.0, 0.0]
requestGoodsToTheCentralPlanner 191 9067 [2.6372540199059302, 0.0, 0.0, 0.0] [182.2589632469007, 0.0, 0.0, 0.0]
concludeProduction 191 9067 1.5775039580767563 0.0
allowInformationToCentralPlanner 192 9067 [2.6298946444765607, 0.0, 0.0, 0.0] [343.42468831491277, 0.0, 0.0, 0.0]
requestGoodsToTheCentralPlanner 192 9067 [2.6298946444765607, 0.0, 0.0, 0.0] [343.42468831491277, 0.0, 0.0, 0.0]
concludeProduction 192 9067 2.6298946444765607 0.1960107605387824
allowInformationToCentralPlanner 193 9067 [2.6312558303136355, 0.0, 0.0, 0.0] [303.20907647831996, 0.0, 0.0, 0.0]
requestGoodsToTheCentralPlanner 193 9067 [2.6312558303136355, 0.0, 0.0, 0.0] [303.20907647831996, 0.0, 0.0, 0.0]
concludeProduction 193 9067 2.457628055723785 0.0
allowInformationToCentralPlanner 194 9067 [2.630050081878984, 0.0, 0.0, 0.0] [383.40006703036886, 0.0, 0.0, 0.0]
requestGoodsToTheCentralPlanner 194 9067 [2.630050081878984, 0.0, 0.0, 0.0] [383.40006703036886, 0.0, 0.0, 0.0]
concludeProduction 194 9067 2.630050081878984 0.4009007200456858
allowInformationToCentralPlanner 195 9067 [2.632834114657079, 0.0, 0.0, 0.0] [382.9590762383186, 0.0, 0.0, 0.0]
requestGoodsToTheCentralPlanner 195 9067 [2.632834114657079, 0.0, 0.0, 0.0] [382.9590762383186, 0.0, 0.0, 0.0]
concludeProduction 195 9067 2.632834114657079 0.5882088641672008
allowInformationToCentralPlanner 196 9067 [2.6369188984360177, 0.0, 0.0, 0.0] [342.3120464877348, 0.0, 0.0, 0.0]
requestGoodsToTheCentralPlanner 196 9067 [2.6369188984360177, 0.0, 0.0, 0.0] [342.3120464877348, 0.0, 0.0, 0.0]
concludeProduction 196 9067 2.6369188984360177 0.32720638989570716
allowInformationToCentralPlanner 197 9067 [2.639191165032516, 0.0, 0.0, 0.0] [381.9521194588494, 0.0, 0.0, 0.0]
requestGoodsToTheCentralPlanner 197 9067 [2.639191165032516, 0.0, 0.0, 0.0] [381.9521194588494, 0.0, 0.0, 0.0]
concludeProduction 197 9067 2.639191165032516 0.37278760940276934
allowInformationToCentralPlanner 198 9067 [2.6417799678755913, 0.0, 0.0, 0.0] [341.5420530885064, 0.0, 0.0, 0.0]
requestGoodsToTheCentralPlanner 198 9067 [2.6417799678755913, 0.0, 0.0, 0.0] [341.5420530885064, 0.0, 0.0, 0.0]
concludeProduction 198 9067 2.6417799678755913 0.24551007289387128
allowInformationToCentralPlanner 199 9067 [2.6434848989373543, 0.0, 0.0, 0.0] [341.27199200832314, 0.0, 0.0, 0.0]
requestGoodsToTheCentralPlanner 199 9067 [2.6434848989373543, 0.0, 0.0, 0.0] [341.27199200832314, 0.0, 0.0, 0.0]
concludeProduction 199 9067 2.6434848989373543 0.06113325277078463
allowInformationToCentralPlanner 200 9067 [2.643909435414929, 0.0, 0.0, 0.0] [341.20474543027524, 0.0, 0.0, 0.0]
requestGoodsToTheCentralPlanner 200 9067 [2.643909435414929, 0.0, 0.0, 0.0] [341.20474543027524, 0.0, 0.0, 0.0]
concludeProduction 200 9067 2.643909435414929 0.17027193054808398
allowInformationToCentralPlanner 201 9067 [2.6450918793770684, 0.0, 0.0, 0.0] [301.0174463066722, 0.0, 0.0, 0.0]
requestGoodsToTheCentralPlanner 201 9067 [2.6450918793770684, 0.0, 0.0, 0.0] [301.0174463066722, 0.0, 0.0, 0.0]
concludeProduction 201 9067 2.4895923855577395 0.0
allowInformationToCentralPlanner 202 9067 [2.644012021781101, 0.0, 0.0, 0.0] [301.1884957498735, 0.0, 0.0, 0.0]
requestGoodsToTheCentralPlanner 202 9067 [2.644012021781101, 0.0, 0.0, 0.0] [301.1884957498735, 0.0, 0.0, 0.0]
concludeProduction 202 9067 2.501525621930209 0.0
allowInformationToCentralPlanner 203 9067 [2.6430225328932475, 0.0, 0.0, 0.0] [261.3452307897096, 0.0, 0.0, 0.0]
requestGoodsToTheCentralPlanner 203 9067 [2.6430225328932475, 0.0, 0.0, 0.0] [261.3452307897096, 0.0, 0.0, 0.0]
concludeProduction 203 9067 2.2419642951799172 0.0
allowInformationToCentralPlanner 204 9067 [2.640237406242461, 0.0, 0.0, 0.0] [91.7863948511941, 0.0, 0.0, 0.0]
requestGoodsToTheCentralPlanner 204 9067 [2.640237406242461, 0.0, 0.0, 0.0] [91.7863948511941, 0.0, 0.0, 0.0]
concludeProduction 204 9067 0.7191269849990152 0.0
allowInformationToCentralPlanner 205 9067 [2.6268963616504926, 0.0, 0.0, 0.0] [93.89961631456187, 0.0, 0.0, 0.0]
requestGoodsToTheCentralPlanner 205 9067 [2.6268963616504926, 0.0, 0.0, 0.0] [93.89961631456187, 0.0, 0.0, 0.0]
concludeProduction 205 9067 0.7958885240093427 0.0
allowInformationToCentralPlanner 206 9067 [2.614181029444651, 0.0, 0.0, 0.0] [265.9137249359673, 0.0, 0.0, 0.0]
requestGoodsToTheCentralPlanner 206 9067 [2.614181029444651, 0.0, 0.0, 0.0] [265.9137249359673, 0.0, 0.0, 0.0]
concludeProduction 206 9067 2.2219498396895645 0.0
allowInformationToCentralPlanner 207 9067 [2.6114572017380184, 0.0, 0.0, 0.0] [306.34517924469776, 0.0, 0.0, 0.0]
requestGoodsToTheCentralPlanner 207 9067 [2.6114572017380184, 0.0, 0.0, 0.0] [306.34517924469776, 0.0, 0.0, 0.0]
concludeProduction 207 9067 2.5245421542738318 0.0
allowInformationToCentralPlanner 208 9067 [2.6108536250195167, 0.0, 0.0, 0.0] [266.4407857969086, 0.0, 0.0, 0.0]
requestGoodsToTheCentralPlanner 208 9067 [2.6108536250195167, 0.0, 0.0, 0.0] [266.4407857969086, 0.0, 0.0, 0.0]
concludeProduction 208 9067 2.1174332026767404 0.0
allowInformationToCentralPlanner 209 9067 [2.607427094308803, 0.0, 0.0, 0.0] [226.9835482614856, 0.0, 0.0, 0.0]
requestGoodsToTheCentralPlanner 209 9067 [2.607427094308803, 0.0, 0.0, 0.0] [226.9835482614856, 0.0, 0.0, 0.0]
concludeProduction 209 9067 1.8696361104936632 0.0
allowInformationToCentralPlanner 210 9067 [2.602303545810087, 0.0, 0.0, 0.0] [387.79511834368213, 0.0, 0.0, 0.0]
requestGoodsToTheCentralPlanner 210 9067 [2.602303545810087, 0.0, 0.0, 0.0] [387.79511834368213, 0.0, 0.0, 0.0]
concludeProduction 210 9067 2.602303545810087 0.6479308755216233
allowInformationToCentralPlanner 211 9067 [2.6068030657789865, 0.0, 0.0, 0.0] [437.0823943806085, 0.0, 0.0, 0.0]
requestGoodsToTheCentralPlanner 211 9067 [2.6068030657789865, 0.0, 0.0, 0.0] [437.0823943806085, 0.0, 0.0, 0.0]
concludeProduction 211 9067 2.6068030657789865 0.8425185836868154
allowInformationToCentralPlanner 212 9067 [2.6126538892768116, 0.0, 0.0, 0.0] [386.1556239385529, 0.0, 0.0, 0.0]
requestGoodsToTheCentralPlanner 212 9067 [2.6126538892768116, 0.0, 0.0, 0.0] [386.1556239385529, 0.0, 0.0, 0.0]
concludeProduction 212 9067 2.6126538892768116 0.5165401762671271
allowInformationToCentralPlanner 213 9067 [2.616240973834223, 0.0, 0.0, 0.0] [385.58742974465906, 0.0, 0.0, 0.0]
requestGoodsToTheCentralPlanner 213 9067 [2.616240973834223, 0.0, 0.0, 0.0] [385.58742974465906, 0.0, 0.0, 0.0]
concludeProduction 213 9067 2.616240973834223 0.4693225309439484
allowInformationToCentralPlanner 214 9067 [2.6195001580768893, 0.0, 0.0, 0.0] [485.0711749606207, 0.0, 0.0, 0.0]
requestGoodsToTheCentralPlanner 214 9067 [2.6195001580768893, 0.0, 0.0, 0.0] [485.0711749606207, 0.0, 0.0, 0.0]
concludeProduction 214 9067 2.6195001580768893 1.2561905149390586
allowInformationToCentralPlanner 215 9067 [2.628223703319521, 0.0, 0.0, 0.0] [483.68936539418775, 0.0, 0.0, 0.0]
requestGoodsToTheCentralPlanner 215 9067 [2.628223703319521, 0.0, 0.0, 0.0] [483.68936539418775, 0.0, 0.0, 0.0]
concludeProduction 215 9067 2.628223703319521 1.3428606718474874
allowInformationToCentralPlanner 216 9067 [2.6375491246517955, 0.0, 0.0, 0.0] [532.2122186551552, 0.0, 0.0, 0.0]
requestGoodsToTheCentralPlanner 216 9067 [2.6375491246517955, 0.0, 0.0, 0.0] [532.2122186551552, 0.0, 0.0, 0.0]
concludeProduction 216 9067 2.6375491246517955 1.652899342841632
allowInformationToCentralPlanner 217 9067 [2.6490275923104183, 0.0, 0.0, 0.0] [530.3940293780295, 0.0, 0.0, 0.0]
requestGoodsToTheCentralPlanner 217 9067 [2.6490275923104183, 0.0, 0.0, 0.0] [530.3940293780295, 0.0, 0.0, 0.0]
concludeProduction 217 9067 2.6490275923104183 1.4939422054250682
allowInformationToCentralPlanner 218 9067 [2.659402190959203, 0.0, 0.0, 0.0] [528.7506929520619, 0.0, 0.0, 0.0]
requestGoodsToTheCentralPlanner 218 9067 [2.659402190959203, 0.0, 0.0, 0.0] [528.7506929520619, 0.0, 0.0, 0.0]
concludeProduction 218 9067 2.659402190959203 1.7748177835277028
allowInformationToCentralPlanner 219 9067 [2.6717273144559233, 0.0, 0.0, 0.0] [476.7983933901817, 0.0, 0.0, 0.0]
requestGoodsToTheCentralPlanner 219 9067 [2.6717273144559233, 0.0, 0.0, 0.0] [476.7983933901817, 0.0, 0.0, 0.0]
concludeProduction 219 9067 2.6717273144559233 1.2012001305503266
allowInformationToCentralPlanner 220 9067 [2.6800689820291894, 0.0, 0.0, 0.0] [535.4770732465764, 0.0, 0.0, 0.0]
requestGoodsToTheCentralPlanner 220 9067 [2.6800689820291894, 0.0, 0.0, 0.0] [535.4770732465764, 0.0, 0.0, 0.0]
concludeProduction 220 9067 2.6800689820291894 1.6107316818881698
allowInformationToCentralPlanner 221 9067 [2.6912546187089683, 0.0, 0.0, 0.0] [653.7052683964994, 0.0, 0.0, 0.0]
requestGoodsToTheCentralPlanner 221 9067 [2.6912546187089683, 0.0, 0.0, 0.0] [653.7052683964994, 0.0, 0.0, 0.0]
concludeProduction 221 9067 2.6912546187089683 2.5804604737046866
allowInformationToCentralPlanner 222 9067 [2.7091744831096953, 0.0, 0.0, 0.0] [520.866761875424, 0.0, 0.0, 0.0]
requestGoodsToTheCentralPlanner 222 9067 [2.7091744831096953, 0.0, 0.0, 0.0] [520.866761875424, 0.0, 0.0, 0.0]
concludeProduction 222 9067 2.7091744831096953 1.4335283991025856
allowInformationToCentralPlanner 223 9067 [2.7191295414367964, 0.0, 0.0, 0.0] [519.2898806364111, 0.0, 0.0, 0.0]
requestGoodsToTheCentralPlanner 223 9067 [2.7191295414367964, 0.0, 0.0, 0.0] [519.2898806364111, 0.0, 0.0, 0.0]
concludeProduction 223 9067 2.7191295414367964 1.6768513988673828
allowInformationToCentralPlanner 224 9067 [2.7307743428178206, 0.0, 0.0, 0.0] [517.445344097657, 0.0, 0.0, 0.0]
requestGoodsToTheCentralPlanner 224 9067 [2.7307743428178206, 0.0, 0.0, 0.0] [517.445344097657, 0.0, 0.0, 0.0]
concludeProduction 224 9067 2.7307743428178206 1.4247151566485066
allowInformationToCentralPlanner 225 9067 [2.7406681980723238, 0.0, 0.0, 0.0] [565.8781574253438, 0.0, 0.0, 0.0]
requestGoodsToTheCentralPlanner 225 9067 [2.7406681980723238, 0.0, 0.0, 0.0] [565.8781574253438, 0.0, 0.0, 0.0]
concludeProduction 225 9067 2.7406681980723238 1.707964395621024
allowInformationToCentralPlanner 226 9067 [2.752529061930803, 0.0, 0.0, 0.0] [363.9993965901607, 0.0, 0.0, 0.0]
requestGoodsToTheCentralPlanner 226 9067 [2.752529061930803, 0.0, 0.0, 0.0] [363.9993965901607, 0.0, 0.0, 0.0]
concludeProduction 226 9067 2.752529061930803 0.3878329680229564
allowInformationToCentralPlanner 227 9067 [2.755222346430963, 0.0, 0.0, 0.0] [323.5727803253355, 0.0, 0.0, 0.0]
requestGoodsToTheCentralPlanner 227 9067 [2.755222346430963, 0.0, 0.0, 0.0] [323.5727803253355, 0.0, 0.0, 0.0]
concludeProduction 227 9067 2.4716133043562163 0.0
allowInformationToCentralPlanner 228 9067 [2.753252839194332, 0.0, 0.0, 0.0] [283.8847502716176, 0.0, 0.0, 0.0]
requestGoodsToTheCentralPlanner 228 9067 [2.753252839194332, 0.0, 0.0, 0.0] [283.8847502716176, 0.0, 0.0, 0.0]
concludeProduction 228 9067 2.3307032289102474 0.0
allowInformationToCentralPlanner 229 9067 [2.7503184669006933, 0.0, 0.0, 0.0] [464.34955484293016, 0.0, 0.0, 0.0]
requestGoodsToTheCentralPlanner 229 9067 [2.7503184669006933, 0.0, 0.0, 0.0] [464.34955484293016, 0.0, 0.0, 0.0]
concludeProduction 229 9067 2.7503184669006933 0.9531844158308842
allowInformationToCentralPlanner 230 9067 [2.756937803121741, 0.0, 0.0, 0.0] [413.3010519855162, 0.0, 0.0, 0.0]
requestGoodsToTheCentralPlanner 230 9067 [2.756937803121741, 0.0, 0.0, 0.0] [413.3010519855162, 0.0, 0.0, 0.0]
concludeProduction 230 9067 2.756937803121741 0.7176005215486727
allowInformationToCentralPlanner 231 9067 [2.76192114007694, 0.0, 0.0, 0.0] [362.51169141181265, 0.0, 0.0, 0.0]
requestGoodsToTheCentralPlanner 231 9067 [2.76192114007694, 0.0, 0.0, 0.0] [362.51169141181265, 0.0, 0.0, 0.0]
concludeProduction 231 9067 2.7464047886510894 0.0
allowInformationToCentralPlanner 232 9067 [2.761813387636483, 0.0, 0.0, 0.0] [462.528759398381, 0.0, 0.0, 0.0]
requestGoodsToTheCentralPlanner 232 9067 [2.761813387636483, 0.0, 0.0, 0.0] [462.528759398381, 0.0, 0.0, 0.0]
concludeProduction 232 9067 2.761813387636483 0.9806172480866135
allowInformationToCentralPlanner 233 9067 [2.7686232296370847, 0.0, 0.0, 0.0] [461.45008042548574, 0.0, 0.0, 0.0]
requestGoodsToTheCentralPlanner 233 9067 [2.7686232296370847, 0.0, 0.0, 0.0] [461.45008042548574, 0.0, 0.0, 0.0]
concludeProduction 233 9067 2.7686232296370847 1.0134186120040773
allowInformationToCentralPlanner 234 9067 [2.775660858887113, 0.0, 0.0, 0.0] [280.3353199522811, 0.0, 0.0, 0.0]
requestGoodsToTheCentralPlanner 234 9067 [2.775660858887113, 0.0, 0.0, 0.0] [280.3353199522811, 0.0, 0.0, 0.0]
concludeProduction 234 9067 2.335784476490955 0.0
allowInformationToCentralPlanner 235 9067 [2.77260616178714, 0.0, 0.0, 0.0] [240.8191839729171, 0.0, 0.0, 0.0]
requestGoodsToTheCentralPlanner 235 9067 [2.77260616178714, 0.0, 0.0, 0.0] [240.8191839729171, 0.0, 0.0, 0.0]
concludeProduction 235 9067 1.9700961197474545 0.0
allowInformationToCentralPlanner 236 9067 [2.767033175384086, 0.0, 0.0, 0.0] [281.7019450191606, 0.0, 0.0, 0.0]
requestGoodsToTheCentralPlanner 236 9067 [2.767033175384086, 0.0, 0.0, 0.0] [281.7019450191606, 0.0, 0.0, 0.0]
concludeProduction 236 9067 2.344207585319775 0.0
allowInformationToCentralPlanner 237 9067 [2.7640968865641953, 0.0, 0.0, 0.0] [242.16705316823155, 0.0, 0.0, 0.0]
requestGoodsToTheCentralPlanner 237 9067 [2.7640968865641953, 0.0, 0.0, 0.0] [242.16705316823155, 0.0, 0.0, 0.0]
concludeProduction 237 9067 1.920945831072857 0.0
allowInformationToCentralPlanner 238 9067 [2.758241670901061, 0.0, 0.0, 0.0] [203.09451932927192, 0.0, 0.0, 0.0]
requestGoodsToTheCentralPlanner 238 9067 [2.758241670901061, 0.0, 0.0, 0.0] [203.09451932927192, 0.0, 0.0, 0.0]
concludeProduction 238 9067 1.6260438953241523 0.0
allowInformationToCentralPlanner 239 9067 [2.750379186348444, 0.0, 0.0, 0.0] [244.33993688240648, 0.0, 0.0, 0.0]
requestGoodsToTheCentralPlanner 239 9067 [2.750379186348444, 0.0, 0.0, 0.0] [244.33993688240648, 0.0, 0.0, 0.0]
concludeProduction 239 9067 1.936801809020267 0.0
allowInformationToCentralPlanner 240 9067 [2.7447293434503313, 0.0, 0.0, 0.0] [365.2348719974674, 0.0, 0.0, 0.0]
requestGoodsToTheCentralPlanner 240 9067 [2.7447293434503313, 0.0, 0.0, 0.0] [365.2348719974674, 0.0, 0.0, 0.0]
concludeProduction 240 9067 2.7447293434503313 0.04821845078882925
allowInformationToCentralPlanner 241 9067 [2.745064193803032, 0.0, 0.0, 0.0] [585.1818317015995, 0.0, 0.0, 0.0]
requestGoodsToTheCentralPlanner 241 9067 [2.745064193803032, 0.0, 0.0, 0.0] [585.1818317015995, 0.0, 0.0, 0.0]
concludeProduction 241 9067 2.745064193803032 2.0711838858802234
allowInformationToCentralPlanner 242 9067 [2.759447415232756, 0.0, 0.0, 0.0] [522.9035294271314, 0.0, 0.0, 0.0]
requestGoodsToTheCentralPlanner 242 9067 [2.759447415232756, 0.0, 0.0, 0.0] [522.9035294271314, 0.0, 0.0, 0.0]
concludeProduction 242 9067 2.759447415232756 1.4799459517119655
allowInformationToCentralPlanner 243 9067 [2.7697248176752005, 0.0, 0.0, 0.0] [411.2755888802482, 0.0, 0.0, 0.0]
requestGoodsToTheCentralPlanner 243 9067 [2.7697248176752005, 0.0, 0.0, 0.0] [411.2755888802482, 0.0, 0.0, 0.0]
concludeProduction 243 9067 2.7697248176752005 0.583676917601037
allowInformationToCentralPlanner 244 9067 [2.7737781296029853, 0.0, 0.0, 0.0] [360.633544270887, 0.0, 0.0, 0.0]
requestGoodsToTheCentralPlanner 244 9067 [2.7737781296029853, 0.0, 0.0, 0.0] [360.633544270887, 0.0, 0.0, 0.0]
concludeProduction 244 9067 2.7737781296029853 0.02031830731308082
allowInformationToCentralPlanner 245 9067 [2.773919228959326, 0.0, 0.0, 0.0] [310.6111941328427, 0.0, 0.0, 0.0]
requestGoodsToTheCentralPlanner 245 9067 [2.773919228959326, 0.0, 0.0, 0.0] [310.6111941328427, 0.0, 0.0, 0.0]
concludeProduction 245 9067 2.5104746069878194 0.0
allowInformationToCentralPlanner 246 9067 [2.772089752417857, 0.0, 0.0, 0.0] [310.90098321701134, 0.0, 0.0, 0.0]
requestGoodsToTheCentralPlanner 246 9067 [2.772089752417857, 0.0, 0.0, 0.0] [310.90098321701134, 0.0, 0.0, 0.0]
concludeProduction 246 9067 2.512031644977609 0.0
allowInformationToCentralPlanner 247 9067 [2.770283793338411, 0.0, 0.0, 0.0] [401.18704713519566, 0.0, 0.0, 0.0]
requestGoodsToTheCentralPlanner 247 9067 [2.770283793338411, 0.0, 0.0, 0.0] [401.18704713519566, 0.0, 0.0, 0.0]
concludeProduction 247 9067 2.770283793338411 0.3195872103728141
allowInformationToCentralPlanner 248 9067 [2.7725031489660004, 0.0, 0.0, 0.0] [360.83550120378555, 0.0, 0.0, 0.0]
requestGoodsToTheCentralPlanner 248 9067 [2.7725031489660004, 0.0, 0.0, 0.0] [360.83550120378555, 0.0, 0.0, 0.0]
concludeProduction 248 9067 2.7725031489660004 0.07867904140272941
allowInformationToCentralPlanner 249 9067 [2.7730495311979633, 0.0, 0.0, 0.0] [360.7489542582425, 0.0, 0.0, 0.0]
requestGoodsToTheCentralPlanner 249 9067 [2.7730495311979633, 0.0, 0.0, 0.0] [360.7489542582425, 0.0, 0.0, 0.0]
concludeProduction 249 9067 2.7730495311979633 0.12230560633140719
allowInformationToCentralPlanner 250 9067 [2.773898875686376, 0.0, 0.0, 0.0] [410.61441809127797, 0.0, 0.0, 0.0]
requestGoodsToTheCentralPlanner 250 9067 [2.773898875686376, 0.0, 0.0, 0.0] [410.61441809127797, 0.0, 0.0, 0.0]
concludeProduction 250 9067 2.773898875686376 0.5868547412531919
allowInformationToCentralPlanner 251 9067 [2.777974255833968, 0.0, 0.0, 0.0] [359.9688778758994, 0.0, 0.0, 0.0]
requestGoodsToTheCentralPlanner 251 9067 [2.777974255833968, 0.0, 0.0, 0.0] [359.9688778758994, 0.0, 0.0, 0.0]
concludeProduction 251 9067 2.753051241364128 0.0
allowInformationToCentralPlanner 252 9067 [2.777801179344594, 0.0, 0.0, 0.0] [359.99629319181616, 0.0, 0.0, 0.0]
requestGoodsToTheCentralPlanner 252 9067 [2.777801179344594, 0.0, 0.0, 0.0] [359.99629319181616, 0.0, 0.0, 0.0]
concludeProduction 252 9067 2.777801179344594 0.12271756728681371
allowInformationToCentralPlanner 253 9067 [2.778653384672975, 0.0, 0.0, 0.0] [239.86130386780076, 0.0, 0.0, 0.0]
requestGoodsToTheCentralPlanner 253 9067 [2.778653384672975, 0.0, 0.0, 0.0] [239.86130386780076, 0.0, 0.0, 0.0]
concludeProduction 253 9067 1.9695210238891467 0.0
allowInformationToCentralPlanner 254 9067 [2.7730344099453093, 0.0, 0.0, 0.0] [460.7513494646629, 0.0, 0.0, 0.0]
requestGoodsToTheCentralPlanner 254 9067 [2.7730344099453093, 0.0, 0.0, 0.0] [460.7513494646629, 0.0, 0.0, 0.0]
concludeProduction 254 9067 2.7730344099453093 0.8900508834477754
allowInformationToCentralPlanner 255 9067 [2.779215318858141, 0.0, 0.0, 0.0] [309.77229349287046, 0.0, 0.0, 0.0]
requestGoodsToTheCentralPlanner 255 9067 [2.779215318858141, 0.0, 0.0, 0.0] [309.77229349287046, 0.0, 0.0, 0.0]
concludeProduction 255 9067 2.4305226307509518 0.0
allowInformationToCentralPlanner 256 9067 [2.776793841857397, 0.0, 0.0, 0.0] [360.15585544978825, 0.0, 0.0, 0.0]
requestGoodsToTheCentralPlanner 256 9067 [2.776793841857397, 0.0, 0.0, 0.0] [360.15585544978825, 0.0, 0.0, 0.0]
concludeProduction 256 9067 2.776793841857397 0.028065898403819123
allowInformationToCentralPlanner 257 9067 [2.7769887439296457, 0.0, 0.0, 0.0] [520.1249829615441, 0.0, 0.0, 0.0]
requestGoodsToTheCentralPlanner 257 9067 [2.7769887439296457, 0.0, 0.0, 0.0] [520.1249829615441, 0.0, 0.0, 0.0]
concludeProduction 257 9067 2.7769887439296457 1.5063490367936336
allowInformationToCentralPlanner 258 9067 [2.7874495011296014, 0.0, 0.0, 0.0] [518.4679990210711, 0.0, 0.0, 0.0]
requestGoodsToTheCentralPlanner 258 9067 [2.7874495011296014, 0.0, 0.0, 0.0] [518.4679990210711, 0.0, 0.0, 0.0]
concludeProduction 258 9067 2.7874495011296014 1.2155624333378041
allowInformationToCentralPlanner 259 9067 [2.7958909069166693, 0.0, 0.0, 0.0] [407.13088034439954, 0.0, 0.0, 0.0]
requestGoodsToTheCentralPlanner 259 9067 [2.7958909069166693, 0.0, 0.0, 0.0] [407.13088034439954, 0.0, 0.0, 0.0]
concludeProduction 259