0 9076 newAPP 5.0 2 250.0 171.9523511215216
allowInformationToCentralPlanner 0 9076 [0, 0, 0, 0] [0, 0, 0, 0]
requestGoodsToTheCentralPlanner 0 9076 [0, 0, 0, 0] [0, 0, 0, 0]
concludeProduction 0 9076 0 0
1 9076 newAPP 5.0 2 250.0 171.9523511215216
allowInformationToCentralPlanner 1 9076 [0, 0, 0, 0] [0, 0, 0, 0]
requestGoodsToTheCentralPlanner 1 9076 [0, 0, 0, 0] [0, 0, 0, 0]
concludeProduction 1 9076 0 0
2 9076 newAPP 9.0 2 450.0 171.9523511215216
allowInformationToCentralPlanner 2 9076 [0, 0, 0, 0] [0, 0, 0, 0]
requestGoodsToTheCentralPlanner 2 9076 [0, 0, 0, 0] [0, 0, 0, 0]
concludeProduction 2 9076 0 0
3 9076 newAPP 5.0 2 250.0 171.9523511215216
allowInformationToCentralPlanner 3 9076 [0, 0, 0, 0] [0, 0, 0, 0]
requestGoodsToTheCentralPlanner 3 9076 [0, 0, 0, 0] [0, 0, 0, 0]
concludeProduction 3 9076 0 0
4 9076 newAPP 3.0 2 150.0 171.9523511215216
allowInformationToCentralPlanner 4 9076 [0, 0, 0, 0] [0, 0, 0, 0]
requestGoodsToTheCentralPlanner 4 9076 [0, 0, 0, 0] [0, 0, 0, 0]
concludeProduction 4 9076 0 0
5 9076 newAPP 6.0 2 300.0 171.9523511215216
allowInformationToCentralPlanner 5 9076 [0, 0, 0, 0] [0, 0, 0, 0]
requestGoodsToTheCentralPlanner 5 9076 [0, 0, 0, 0] [0, 0, 0, 0]
concludeProduction 5 9076 0 0.0
6 9076 newAPP 4.0 2 200.0 171.9523511215216
allowInformationToCentralPlanner 6 9076 [0, 0, 0, 0] [0, 0, 0, 0]
requestGoodsToTheCentralPlanner 6 9076 [0, 0, 0, 0] [0, 0, 0, 0]
concludeProduction 6 9076 0 0.0
7 9076 newAPP 3.0 2 150.0 171.9523511215216
allowInformationToCentralPlanner 7 9076 [0, 0, 0, 0] [0, 0, 0, 0]
requestGoodsToTheCentralPlanner 7 9076 [0, 0, 0, 0] [0, 0, 0, 0]
concludeProduction 7 9076 0 0.0
8 9076 newAPP 5.0 2 250.0 171.9523511215216
allowInformationToCentralPlanner 8 9076 [0, 0, 0, 0] [0, 0, 0, 0]
requestGoodsToTheCentralPlanner 8 9076 [0, 0, 0, 0] [0, 0, 0, 0]
concludeProduction 8 9076 0 0.0
9 9076 newAPP 6.0 2 300.0 171.9523511215216
allowInformationToCentralPlanner 9 9076 [0, 0, 0, 0] [0, 0, 0, 0]
requestGoodsToTheCentralPlanner 9 9076 [0, 0, 0, 0] [0, 0, 0, 0]
concludeProduction 9 9076 0 0.0
10 9076 newAPP 8.0 2 400.0 171.9523511215216
allowInformationToCentralPlanner 10 9076 [1.194113549455011, 0.0, 0.0, 0.0] [740.8524137663261, 0.0, 0.0, 0.0]
requestGoodsToTheCentralPlanner 10 9076 [1.194113549455011, 0.0, 0.0, 0.0] [740.8524137663261, 0.0, 0.0, 0.0]
concludeProduction 10 9076 1.194113549455011 2.5158780453552128
11 9076 newAPP 4.0 17.0 200.0 174.4682291668768
allowInformationToCentralPlanner 11 9076 [1.2115849247699777, 0.0, 0.0, 0.0] [708.0849479164356, 0.0, 0.0, 0.0]
requestGoodsToTheCentralPlanner 11 9076 [1.2115849247699777, 0.0, 0.0, 0.0] [708.0849479164356, 0.0, 0.0, 0.0]
concludeProduction 11 9076 1.2115849247699777 2.3500194852490104
12 9076 newAPP 9.0 17.0 450.0 176.81824865212582
allowInformationToCentralPlanner 12 9076 [1.2279045045286514, 0.0, 0.0, 0.0] [705.4999264826615, 0.0, 0.0, 0.0]
requestGoodsToTheCentralPlanner 12 9076 [1.2279045045286514, 0.0, 0.0, 0.0] [705.4999264826615, 0.0, 0.0, 0.0]
concludeProduction 12 9076 1.2279045045286514 2.744061793864021
13 9076 newAPP 6.0 17.0 300.0 179.56231044598985
allowInformationToCentralPlanner 13 9076 [1.2469604892082629, 0.0, 0.0, 0.0] [642.4814585094111, 0.0, 0.0, 0.0]
requestGoodsToTheCentralPlanner 13 9076 [1.2469604892082629, 0.0, 0.0, 0.0] [642.4814585094111, 0.0, 0.0, 0.0]
concludeProduction 13 9076 1.2469604892082629 2.478580172547343
14 9076 newAPP 5.0 17.0 250.0 182.0408906185372
allowInformationToCentralPlanner 14 9076 [1.2641728515176194, 0.0, 0.0, 0.0] [771.7550203196092, 0.0, 0.0, 0.0]
requestGoodsToTheCentralPlanner 14 9076 [1.2641728515176194, 0.0, 0.0, 0.0] [771.7550203196092, 0.0, 0.0, 0.0]
concludeProduction 14 9076 1.2641728515176194 3.7880959395932647
15 9076 newAPP 2.0 17.0 100.0 185.82898655813045
allowInformationToCentralPlanner 15 9076 [1.2904790733203504, 0.0, 0.0, 0.0] [665.5881147860564, 0.0, 0.0, 0.0]
requestGoodsToTheCentralPlanner 15 9076 [1.2904790733203504, 0.0, 0.0, 0.0] [665.5881147860564, 0.0, 0.0, 0.0]
concludeProduction 15 9076 1.2904790733203504 3.110008668293111
16 9076 newAPP 5.0 17.0 250.0 188.93899522642357
allowInformationToCentralPlanner 16 9076 [1.3120763557390527, 0.0, 0.0, 0.0] [662.1671052509339, 0.0, 0.0, 0.0]
requestGoodsToTheCentralPlanner 16 9076 [1.3120763557390527, 0.0, 0.0, 0.0] [662.1671052509339, 0.0, 0.0, 0.0]
concludeProduction 16 9076 1.3120763557390527 2.8595506449828756
17 9076 newAPP 4.0 17.0 200.0 191.79854587140645
allowInformationToCentralPlanner 17 9076 [1.3319343463292115, 0.0, 0.0, 0.0] [629.0215995414529, 0.0, 0.0, 0.0]
requestGoodsToTheCentralPlanner 17 9076 [1.3319343463292115, 0.0, 0.0, 0.0] [629.0215995414529, 0.0, 0.0, 0.0]
concludeProduction 17 9076 1.3319343463292115 2.494140574724895
18 9076 newAPP 6.0 17.0 300.0 194.29268644613134
allowInformationToCentralPlanner 18 9076 [1.3492547669870232, 0.0, 0.0, 0.0] [596.2780449092555, 0.0, 0.0, 0.0]
requestGoodsToTheCentralPlanner 18 9076 [1.3492547669870232, 0.0, 0.0, 0.0] [596.2780449092555, 0.0, 0.0, 0.0]
concludeProduction 18 9076 1.3492547669870232 2.835185919745581
19 9076 newAPP 3.0 17.0 150.0 197.12787236587693
allowInformationToCentralPlanner 19 9076 [1.3689435580963676, 0.0, 0.0, 0.0] [623.1593403975354, 0.0, 0.0, 0.0]
requestGoodsToTheCentralPlanner 19 9076 [1.3689435580963676, 0.0, 0.0, 0.0] [623.1593403975354, 0.0, 0.0, 0.0]
concludeProduction 19 9076 1.3689435580963676 2.8592238441919124
20 9076 newAPP 4.0 17.0 200.0 199.98709621006884
allowInformationToCentralPlanner 20 9076 [1.388799279236589, 0.0, 0.0, 0.0] [680.0141941689243, 0.0, 0.0, 0.0]
requestGoodsToTheCentralPlanner 20 9076 [1.388799279236589, 0.0, 0.0, 0.0] [680.0141941689243, 0.0, 0.0, 0.0]
concludeProduction 20 9076 1.388799279236589 3.2436844610378097
21 9076 newAPP 4.0 17.0 200.0 203.23078067110666
allowInformationToCentralPlanner 21 9076 [1.411324865771574, 0.0, 0.0, 0.0] [706.4461412617825, 0.0, 0.0, 0.0]
requestGoodsToTheCentralPlanner 21 9076 [1.411324865771574, 0.0, 0.0, 0.0] [706.4461412617825, 0.0, 0.0, 0.0]
concludeProduction 21 9076 1.411324865771574 3.4765312492955287
22 9076 newAPP 2.0 17.0 100.0 206.7073119204022
allowInformationToCentralPlanner 22 9076 [1.435467443891682, 0.0, 0.0, 0.0] [540.6219568875575, 0.0, 0.0, 0.0]
requestGoodsToTheCentralPlanner 22 9076 [1.435467443891682, 0.0, 0.0, 0.0] [540.6219568875575, 0.0, 0.0, 0.0]
concludeProduction 22 9076 1.435467443891682 2.473165619103318
23 9076 newAPP 2.0 17.0 100.0 209.1804775395055
allowInformationToCentralPlanner 23 9076 [1.4526422051354548, 0.0, 0.0, 0.0] [561.9014747065438, 0.0, 0.0, 0.0]
requestGoodsToTheCentralPlanner 23 9076 [1.4526422051354548, 0.0, 0.0, 0.0] [561.9014747065438, 0.0, 0.0, 0.0]
concludeProduction 23 9076 1.4526422051354548 2.5250327163562023
24 9076 newAPP 3.0 17.0 150.0 211.7055102558617
allowInformationToCentralPlanner 24 9076 [1.4701771545545952, 0.0, 0.0, 0.0] [583.1239387185522, 0.0, 0.0, 0.0]
requestGoodsToTheCentralPlanner 24 9076 [1.4701771545545952, 0.0, 0.0, 0.0] [583.1239387185522, 0.0, 0.0, 0.0]
concludeProduction 24 9076 1.4701771545545952 2.7455561288725345
25 9076 newAPP 2.0 17.0 100.0 214.45106638473425
allowInformationToCentralPlanner 25 9076 [1.4892435165606546, 0.0, 0.0, 0.0] [556.1038269767922, 0.0, 0.0, 0.0]
requestGoodsToTheCentralPlanner 25 9076 [1.4892435165606546, 0.0, 0.0, 0.0] [556.1038269767922, 0.0, 0.0, 0.0]
concludeProduction 25 9076 1.4892435165606546 2.418998434814746
26 9076 newAPP 4.0 17.0 200.0 216.870064819549
allowInformationToCentralPlanner 26 9076 [1.5060421168024236, 0.0, 0.0, 0.0] [337.4429286984962, 0.0, 0.0, 0.0]
requestGoodsToTheCentralPlanner 26 9076 [1.5060421168024236, 0.0, 0.0, 0.0] [337.4429286984962, 0.0, 0.0, 0.0]
concludeProduction 26 9076 1.5060421168024236 0.8505908210513944
27 9076 newAPP 3.0 17.0 150.0 217.72065564060037
allowInformationToCentralPlanner 27 9076 [1.5119489975041693, 0.0, 0.0, 0.0] [354.50727879533946, 0.0, 0.0, 0.0]
requestGoodsToTheCentralPlanner 27 9076 [1.5119489975041693, 0.0, 0.0, 0.0] [354.50727879533946, 0.0, 0.0, 0.0]
concludeProduction 27 9076 1.5119489975041693 1.0028072596268482
28 9076 newAPP 4.0 17.0 200.0 218.72346290022722
allowInformationToCentralPlanner 28 9076 [1.5189129368071335, 0.0, 0.0, 0.0] [335.40419080975016, 0.0, 0.0, 0.0]
requestGoodsToTheCentralPlanner 28 9076 [1.5189129368071335, 0.0, 0.0, 0.0] [335.40419080975016, 0.0, 0.0, 0.0]
concludeProduction 28 9076 1.5189129368071335 0.7711816647994252
29 9076 newAPP 5.0 17.0 250.0 219.49464456502665
allowInformationToCentralPlanner 29 9076 [1.5242683650349074, 0.0, 0.0, 0.0] [316.55589097847064, 0.0, 0.0, 0.0]
requestGoodsToTheCentralPlanner 29 9076 [1.5242683650349074, 0.0, 0.0, 0.0] [316.55589097847064, 0.0, 0.0, 0.0]
concludeProduction 29 9076 1.5242683650349074 0.8426087921115291
30 9076 newAPP 3.0 17.0 150.0 220.33725335713817
allowInformationToCentralPlanner 30 9076 [1.530119814980126, 0.0, 0.0, 0.0] [315.62902130714804, 0.0, 0.0, 0.0]
requestGoodsToTheCentralPlanner 30 9076 [1.530119814980126, 0.0, 0.0, 0.0] [315.62902130714804, 0.0, 0.0, 0.0]
concludeProduction 30 9076 1.530119814980126 0.91219071776271
31 9076 newAPP 2.0 13.0 100.0 221.24944407490085
allowInformationToCentralPlanner 31 9076 [1.536454472742367, 0.0, 0.0, 0.0] [314.62561151760906, 0.0, 0.0, 0.0]
requestGoodsToTheCentralPlanner 31 9076 [1.536454472742367, 0.0, 0.0, 0.0] [314.62561151760906, 0.0, 0.0, 0.0]
concludeProduction 31 9076 1.536454472742367 0.7997454505011268
32 9076 newAPP 7.0 13.0 350.0 222.04918952540197
allowInformationToCentralPlanner 32 9076 [1.5420082605930692, 0.0, 0.0, 0.0] [475.7458915220577, 0.0, 0.0, 0.0]
requestGoodsToTheCentralPlanner 32 9076 [1.5420082605930692, 0.0, 0.0, 0.0] [475.7458915220577, 0.0, 0.0, 0.0]
concludeProduction 32 9076 1.5420082605930692 2.1798593093671332
33 9076 newAPP 7.0 13.0 350.0 224.22904883476912
allowInformationToCentralPlanner 33 9076 [1.5571461724636744, 0.0, 0.0, 0.0] [449.3480462817539, 0.0, 0.0, 0.0]
requestGoodsToTheCentralPlanner 33 9076 [1.5571461724636744, 0.0, 0.0, 0.0] [449.3480462817539, 0.0, 0.0, 0.0]
concludeProduction 33 9076 1.5571461724636744 1.5850042248932232
34 9076 newAPP 8.0 13.0 400.0 225.81405305966234
allowInformationToCentralPlanner 34 9076 [1.5681531462476552, 0.0, 0.0, 0.0] [561.6045416343713, 0.0, 0.0, 0.0]
requestGoodsToTheCentralPlanner 34 9076 [1.5681531462476552, 0.0, 0.0, 0.0] [561.6045416343713, 0.0, 0.0, 0.0]
concludeProduction 34 9076 1.5681531462476552 2.5390770352231637
35 9076 newAPP 7.0 13.0 350.0 228.3531300948855
allowInformationToCentralPlanner 35 9076 [1.5857856256589271, 0.0, 0.0, 0.0] [528.8115568956259, 0.0, 0.0, 0.0]
requestGoodsToTheCentralPlanner 35 9076 [1.5857856256589271, 0.0, 0.0, 0.0] [528.8115568956259, 0.0, 0.0, 0.0]
concludeProduction 35 9076 1.5857856256589271 2.4939771681115426
36 9076 newAPP 3.0 13.0 150.0 230.84710726299704
allowInformationToCentralPlanner 36 9076 [1.6031049115485905, 0.0, 0.0, 0.0] [526.0681820107033, 0.0, 0.0, 0.0]
requestGoodsToTheCentralPlanner 36 9076 [1.6031049115485905, 0.0, 0.0, 0.0] [526.0681820107033, 0.0, 0.0, 0.0]
concludeProduction 36 9076 1.6031049115485905 2.2417133029897114
37 9076 newAPP 8.0 13.0 400.0 233.08882056598674
allowInformationToCentralPlanner 37 9076 [1.6186723650415746, 0.0, 0.0, 0.0] [607.6022973774145, 0.0, 0.0, 0.0]
requestGoodsToTheCentralPlanner 37 9076 [1.6186723650415746, 0.0, 0.0, 0.0] [607.6022973774145, 0.0, 0.0, 0.0]
concludeProduction 37 9076 1.6186723650415746 2.8889134206147844
38 9076 newAPP 4.0 13.0 200.0 235.97773398660152
allowInformationToCentralPlanner 38 9076 [1.638734263795844, 0.0, 0.0, 0.0] [676.4244926147385, 0.0, 0.0, 0.0]
requestGoodsToTheCentralPlanner 38 9076 [1.638734263795844, 0.0, 0.0, 0.0] [676.4244926147385, 0.0, 0.0, 0.0]
concludeProduction 38 9076 1.638734263795844 3.731810348190211
39 9076 newAPP 3.0 13.0 150.0 239.70954433479173
allowInformationToCentralPlanner 39 9076 [1.6646496134360538, 0.0, 0.0, 0.0] [576.3195012317291, 0.0, 0.0, 0.0]
requestGoodsToTheCentralPlanner 39 9076 [1.6646496134360538, 0.0, 0.0, 0.0] [576.3195012317291, 0.0, 0.0, 0.0]
concludeProduction 39 9076 1.6646496134360538 2.4653163197448134
40 9076 newAPP 6.0 13.0 300.0 242.17486065453656
allowInformationToCentralPlanner 40 9076 [1.6817698656565039, 0.0, 0.0, 0.0] [705.6076532800098, 0.0, 0.0, 0.0]
requestGoodsToTheCentralPlanner 40 9076 [1.6817698656565039, 0.0, 0.0, 0.0] [705.6076532800098, 0.0, 0.0, 0.0]
concludeProduction 40 9076 1.6817698656565039 3.9138722324158293
41 9076 newAPP 3.0 18.0 150.0 246.0887328869524
allowInformationToCentralPlanner 41 9076 [1.7089495339371696, 0.0, 0.0, 0.0] [737.3023938243521, 0.0, 0.0, 0.0]
requestGoodsToTheCentralPlanner 41 9076 [1.7089495339371696, 0.0, 0.0, 0.0] [737.3023938243521, 0.0, 0.0, 0.0]
concludeProduction 41 9076 1.7089495339371696 4.321392380082869
42 9076 newAPP 3.0 18.0 150.0 250.41012526703528
allowInformationToCentralPlanner 42 9076 [1.7389592032433006, 0.0, 0.0, 0.0] [594.548862206261, 0.0, 0.0, 0.0]
requestGoodsToTheCentralPlanner 42 9076 [1.7389592032433006, 0.0, 0.0, 0.0] [594.548862206261, 0.0, 0.0, 0.0]
concludeProduction 42 9076 1.7389592032433006 2.6033503193416374
43 9076 newAPP 3.0 18.0 150.0 253.01347558637693
allowInformationToCentralPlanner 43 9076 [1.7570380249053954, 0.0, 0.0, 0.0] [651.6851768549852, 0.0, 0.0, 0.0]
requestGoodsToTheCentralPlanner 43 9076 [1.7570380249053954, 0.0, 0.0, 0.0] [651.6851768549852, 0.0, 0.0, 0.0]
concludeProduction 43 9076 1.7570380249053954 3.3174645510911995
44 9076 newAPP 9.0 18.0 450.0 256.33094013746813
allowInformationToCentralPlanner 44 9076 [1.780075973176862, 0.0, 0.0, 0.0] [648.0359658487849, 0.0, 0.0, 0.0]
requestGoodsToTheCentralPlanner 44 9076 [1.780075973176862, 0.0, 0.0, 0.0] [648.0359658487849, 0.0, 0.0, 0.0]
concludeProduction 44 9076 1.780075973176862 3.613878388845807
45 9076 newAPP 2.0 18.0 100.0 259.94481852631395
allowInformationToCentralPlanner 45 9076 [1.8051723508771802, 0.0, 0.0, 0.0] [506.06069962105454, 0.0, 0.0, 0.0]
requestGoodsToTheCentralPlanner 45 9076 [1.8051723508771802, 0.0, 0.0, 0.0] [506.06069962105454, 0.0, 0.0, 0.0]
concludeProduction 45 9076 1.8051723508771802 1.8803410832942167
46 9076 newAPP 5.0 18.0 250.0 261.8251596096082
allowInformationToCentralPlanner 46 9076 [1.8182302750667236, 0.0, 0.0, 0.0] [701.9923244294309, 0.0, 0.0, 0.0]
requestGoodsToTheCentralPlanner 46 9076 [1.8182302750667236, 0.0, 0.0, 0.0] [701.9923244294309, 0.0, 0.0, 0.0]
concludeProduction 46 9076 1.8182302750667236 4.022293540564203
47 9076 newAPP 8.0 18.0 400.0 265.84745315017244
allowInformationToCentralPlanner 47 9076 [1.8461628690984198, 0.0, 0.0, 0.0] [697.5678015348103, 0.0, 0.0, 0.0]
requestGoodsToTheCentralPlanner 47 9076 [1.8461628690984198, 0.0, 0.0, 0.0] [697.5678015348103, 0.0, 0.0, 0.0]
concludeProduction 47 9076 1.8461628690984198 4.093578081089124
48 9076 newAPP 4.0 18.0 200.0 269.9410312312616
allowInformationToCentralPlanner 48 9076 [1.8745904946615388, 0.0, 0.0, 0.0] [633.0648656456121, 0.0, 0.0, 0.0]
requestGoodsToTheCentralPlanner 48 9076 [1.8745904946615388, 0.0, 0.0, 0.0] [633.0648656456121, 0.0, 0.0, 0.0]
concludeProduction 48 9076 1.8745904946615388 3.1687350160179104
49 9076 newAPP 3.0 18.0 150.0 273.1097662472795
allowInformationToCentralPlanner 49 9076 [1.8965955989394407, 0.0, 0.0, 0.0] [629.5792571279924, 0.0, 0.0, 0.0]
requestGoodsToTheCentralPlanner 49 9076 [1.8965955989394407, 0.0, 0.0, 0.0] [629.5792571279924, 0.0, 0.0, 0.0]
concludeProduction 49 9076 1.8965955989394407 3.01343457457052
50 9076 newAPP 8.0 18.0 400.0 276.12320082185
allowInformationToCentralPlanner 50 9076 [1.9175222279295139, 0.0, 0.0, 0.0] [596.264479095965, 0.0, 0.0, 0.0]
requestGoodsToTheCentralPlanner 50 9076 [1.9175222279295139, 0.0, 0.0, 0.0] [596.264479095965, 0.0, 0.0, 0.0]
concludeProduction 50 9076 1.9175222279295139 3.2654985278174897
51 9076 newAPP 6.0 18.0 300.0 279.3886993496675
allowInformationToCentralPlanner 51 9076 [1.9401993010393577, 0.0, 0.0, 0.0] [532.6724307153657, 0.0, 0.0, 0.0]
requestGoodsToTheCentralPlanner 51 9076 [1.9401993010393577, 0.0, 0.0, 0.0] [532.6724307153657, 0.0, 0.0, 0.0]
concludeProduction 51 9076 1.9401993010393577 1.9938835923029532
52 9076 newAPP 8.0 18.0 400.0 281.38258294197044
allowInformationToCentralPlanner 52 9076 [1.9540457148747947, 0.0, 0.0, 0.0] [662.4791587638326, 0.0, 0.0, 0.0]
requestGoodsToTheCentralPlanner 52 9076 [1.9540457148747947, 0.0, 0.0, 0.0] [662.4791587638326, 0.0, 0.0, 0.0]
concludeProduction 52 9076 1.9540457148747947 3.245510634642577
53 9076 newAPP 7.0 18.0 350.0 284.628093576613
allowInformationToCentralPlanner 53 9076 [1.9765839831709238, 0.0, 0.0, 0.0] [586.9090970657256, 0.0, 0.0, 0.0]
requestGoodsToTheCentralPlanner 53 9076 [1.9765839831709238, 0.0, 0.0, 0.0] [586.9090970657256, 0.0, 0.0, 0.0]
concludeProduction 53 9076 1.9765839831709238 3.050226502208412
54 9076 newAPP 4.0 18.0 200.0 287.6783200788214
allowInformationToCentralPlanner 54 9076 [1.997766111658482, 0.0, 0.0, 0.0] [619.5538479132965, 0.0, 0.0, 0.0]
requestGoodsToTheCentralPlanner 54 9076 [1.997766111658482, 0.0, 0.0, 0.0] [619.5538479132965, 0.0, 0.0, 0.0]
concludeProduction 54 9076 1.997766111658482 2.929847088298904
55 9076 newAPP 5.0 18.0 250.0 290.60816716712026
allowInformationToCentralPlanner 55 9076 [2.018112271993891, 0.0, 0.0, 0.0] [544.3310161161676, 0.0, 0.0, 0.0]
requestGoodsToTheCentralPlanner 55 9076 [2.018112271993891, 0.0, 0.0, 0.0] [544.3310161161676, 0.0, 0.0, 0.0]
concludeProduction 55 9076 2.018112271993891 2.454121261454315
56 9076 newAPP 6.0 18.0 300.0 293.06228842857456
allowInformationToCentralPlanner 56 9076 [2.03515478075399, 0.0, 0.0, 0.0] [505.63148272856785, 0.0, 0.0, 0.0]
requestGoodsToTheCentralPlanner 56 9076 [2.03515478075399, 0.0, 0.0, 0.0] [505.63148272856785, 0.0, 0.0, 0.0]
concludeProduction 56 9076 2.03515478075399 2.168288025236212
57 9076 newAPP 3.0 18.0 150.0 295.2305764538108
allowInformationToCentralPlanner 57 9076 [2.050212336484797, 0.0, 0.0, 0.0] [425.2463659008081, 0.0, 0.0, 0.0]
requestGoodsToTheCentralPlanner 57 9076 [2.050212336484797, 0.0, 0.0, 0.0] [425.2463659008081, 0.0, 0.0, 0.0]
concludeProduction 57 9076 2.050212336484797 1.5390267419927928
58 9076 newAPP 6.0 18.0 300.0 296.7696031958036
allowInformationToCentralPlanner 58 9076 [2.0609000221930804, 0.0, 0.0, 0.0] [573.553436484616, 0.0, 0.0, 0.0]
requestGoodsToTheCentralPlanner 58 9076 [2.0609000221930804, 0.0, 0.0, 0.0] [573.553436484616, 0.0, 0.0, 0.0]
concludeProduction 58 9076 2.0609000221930804 2.5301342941936733
59 9076 newAPP 6.0 18.0 300.0 299.29973748999726
allowInformationToCentralPlanner 59 9076 [2.078470399236092, 0.0, 0.0, 0.0] [534.7702887610028, 0.0, 0.0, 0.0]
requestGoodsToTheCentralPlanner 59 9076 [2.078470399236092, 0.0, 0.0, 0.0] [534.7702887610028, 0.0, 0.0, 0.0]
concludeProduction 59 9076 2.078470399236092 2.688962749596589
60 9076 newAPP 4.0 18.0 200.0 301.98870023959387
allowInformationToCentralPlanner 60 9076 [2.0971437516638463, 0.0, 0.0, 0.0] [417.81242973644675, 0.0, 0.0, 0.0]
requestGoodsToTheCentralPlanner 60 9076 [2.0971437516638463, 0.0, 0.0, 0.0] [417.81242973644675, 0.0, 0.0, 0.0]
concludeProduction 60 9076 2.0971437516638463 1.3282402703392955
61 9076 newAPP 4.0 17.0 200.0 303.31694050993315
allowInformationToCentralPlanner 61 9076 [2.1063676424300914, 0.0, 0.0, 0.0] [476.3513654390735, 0.0, 0.0, 0.0]
requestGoodsToTheCentralPlanner 61 9076 [2.1063676424300914, 0.0, 0.0, 0.0] [476.3513654390735, 0.0, 0.0, 0.0]
concludeProduction 61 9076 2.1063676424300914 2.006028306357065
62 9076 newAPP 6.0 17.0 300.0 305.3229688162902
allowInformationToCentralPlanner 62 9076 [2.1202983945575706, 0.0, 0.0, 0.0] [474.14473430208074, 0.0, 0.0, 0.0]
requestGoodsToTheCentralPlanner 62 9076 [2.1202983945575706, 0.0, 0.0, 0.0] [474.14473430208074, 0.0, 0.0, 0.0]
concludeProduction 62 9076 2.1202983945575706 1.8479832251153074
63 9076 newAPP 3.0 17.0 150.0 307.17095204140554
allowInformationToCentralPlanner 63 9076 [2.1331316113986496, 0.0, 0.0, 0.0] [532.1119527544538, 0.0, 0.0, 0.0]
requestGoodsToTheCentralPlanner 63 9076 [2.1331316113986496, 0.0, 0.0, 0.0] [532.1119527544538, 0.0, 0.0, 0.0]
concludeProduction 63 9076 2.1331316113986496 2.4806893160454324
64 9076 newAPP 2.0 17.0 100.0 309.65164135745096
allowInformationToCentralPlanner 64 9076 [2.1503586205378538, 0.0, 0.0, 0.0] [379.3831945068038, 0.0, 0.0, 0.0]
requestGoodsToTheCentralPlanner 64 9076 [2.1503586205378538, 0.0, 0.0, 0.0] [379.3831945068038, 0.0, 0.0, 0.0]
concludeProduction 64 9076 2.1503586205378538 0.8341785304436127
65 9076 newAPP 4.0 17.0 200.0 310.48581988789454
allowInformationToCentralPlanner 65 9076 [2.1561515269992677, 0.0, 0.0, 0.0] [402.465598123316, 0.0, 0.0, 0.0]
requestGoodsToTheCentralPlanner 65 9076 [2.1561515269992677, 0.0, 0.0, 0.0] [402.465598123316, 0.0, 0.0, 0.0]
concludeProduction 65 9076 2.1561515269992677 1.2540443607296514
66 9076 newAPP 4.0 17.0 200.0 311.7398642486242
allowInformationToCentralPlanner 66 9076 [2.164860168393224, 0.0, 0.0, 0.0] [401.08614932651335, 0.0, 0.0, 0.0]
requestGoodsToTheCentralPlanner 66 9076 [2.164860168393224, 0.0, 0.0, 0.0] [401.08614932651335, 0.0, 0.0, 0.0]
concludeProduction 66 9076 2.164860168393224 1.2807266029946947
67 9076 newAPP 3.0 17.0 150.0 313.0205908516189
allowInformationToCentralPlanner 67 9076 [2.1737541031362424, 0.0, 0.0, 0.0] [375.677350063219, 0.0, 0.0, 0.0]
requestGoodsToTheCentralPlanner 67 9076 [2.1737541031362424, 0.0, 0.0, 0.0] [375.677350063219, 0.0, 0.0, 0.0]
concludeProduction 67 9076 2.1737541031362424 1.1018795035657836
68 9076 newAPP 3.0 17.0 150.0 314.1224703551847
allowInformationToCentralPlanner 68 9076 [2.1814060441332273, 0.0, 0.0, 0.0] [398.4652826092968, 0.0, 0.0, 0.0]
requestGoodsToTheCentralPlanner 68 9076 [2.1814060441332273, 0.0, 0.0, 0.0] [398.4652826092968, 0.0, 0.0, 0.0]
concludeProduction 68 9076 2.1814060441332273 1.111656171628932
69 9076 newAPP 2.0 17.0 100.0 315.23412652681367
allowInformationToCentralPlanner 69 9076 [2.1891258786584284, 0.0, 0.0, 0.0] [421.24246082050496, 0.0, 0.0, 0.0]
requestGoodsToTheCentralPlanner 69 9076 [2.1891258786584284, 0.0, 0.0, 0.0] [421.24246082050496, 0.0, 0.0, 0.0]
concludeProduction 69 9076 2.1891258786584284 1.255877803976897
70 9076 newAPP 3.0 17.0 150.0 316.49000433079055
allowInformationToCentralPlanner 70 9076 [2.197847252297157, 0.0, 0.0, 0.0] [227.86099523613046, 0.0, 0.0, 0.0]
requestGoodsToTheCentralPlanner 70 9076 [2.197847252297157, 0.0, 0.0, 0.0] [227.86099523613046, 0.0, 0.0, 0.0]
concludeProduction 70 9076 1.9260879856845707 0.0
71 9076 newAPP 5.0 13.0 250.0 316.21824506417795
allowInformationToCentralPlanner 71 9076 [2.1959600351679023, 0.0, 0.0, 0.0] [396.15993042940426, 0.0, 0.0, 0.0]
requestGoodsToTheCentralPlanner 71 9076 [2.1959600351679023, 0.0, 0.0, 0.0] [396.15993042940426, 0.0, 0.0, 0.0]
concludeProduction 71 9076 2.1959600351679023 1.1393083504032253
72 9076 newAPP 9.0 13.0 450.0 317.35755341458116
allowInformationToCentralPlanner 72 9076 [2.2038718987123693, 0.0, 0.0, 0.0] [394.9066912439607, 0.0, 0.0, 0.0]
requestGoodsToTheCentralPlanner 72 9076 [2.2038718987123693, 0.0, 0.0, 0.0] [394.9066912439607, 0.0, 0.0, 0.0]
concludeProduction 72 9076 2.2038718987123693 1.1730755861226072
73 9076 newAPP 3.0 13.0 150.0 318.5306290007038
allowInformationToCentralPlanner 73 9076 [2.212018256949332, 0.0, 0.0, 0.0] [393.61630809922576, 0.0, 0.0, 0.0]
requestGoodsToTheCentralPlanner 73 9076 [2.212018256949332, 0.0, 0.0, 0.0] [393.61630809922576, 0.0, 0.0, 0.0]
concludeProduction 73 9076 2.212018256949332 1.1237051143106807
74 9076 newAPP 5.0 13.0 250.0 319.65433411501454
allowInformationToCentralPlanner 74 9076 [2.219821764687601, 0.0, 0.0, 0.0] [392.380232473484, 0.0, 0.0, 0.0]
requestGoodsToTheCentralPlanner 74 9076 [2.219821764687601, 0.0, 0.0, 0.0] [392.380232473484, 0.0, 0.0, 0.0]
concludeProduction 74 9076 2.219821764687601 1.1315689741420605
75 9076 newAPP 2.0 13.0 100.0 320.7859030891566
allowInformationToCentralPlanner 75 9076 [2.2276798825635873, 0.0, 0.0, 0.0] [391.1355066019277, 0.0, 0.0, 0.0]
requestGoodsToTheCentralPlanner 75 9076 [2.2276798825635873, 0.0, 0.0, 0.0] [391.1355066019277, 0.0, 0.0, 0.0]
concludeProduction 75 9076 2.2276798825635873 1.056190078002027
76 9076 newAPP 8.0 13.0 400.0 321.8420931671586
allowInformationToCentralPlanner 76 9076 [2.235014535883046, 0.0, 0.0, 0.0] [389.97369751612547, 0.0, 0.0, 0.0]
requestGoodsToTheCentralPlanner 76 9076 [2.235014535883046, 0.0, 0.0, 0.0] [389.97369751612547, 0.0, 0.0, 0.0]
concludeProduction 76 9076 2.235014535883046 1.0518669131592353
77 9076 newAPP 6.0 13.0 300.0 322.8939600803178
allowInformationToCentralPlanner 77 9076 [2.242319167224429, 0.0, 0.0, 0.0] [544.8166439116503, 0.0, 0.0, 0.0]
requestGoodsToTheCentralPlanner 77 9076 [2.242319167224429, 0.0, 0.0, 0.0] [544.8166439116503, 0.0, 0.0, 0.0]
concludeProduction 77 9076 2.242319167224429 2.1089348485748998
78 9076 newAPP 4.0 13.0 200.0 325.0028949288927
allowInformationToCentralPlanner 78 9076 [2.2569645481173106, 0.0, 0.0, 0.0] [572.4968155782178, 0.0, 0.0, 0.0]
requestGoodsToTheCentralPlanner 78 9076 [2.2569645481173106, 0.0, 0.0, 0.0] [572.4968155782178, 0.0, 0.0, 0.0]
concludeProduction 78 9076 2.2569645481173106 2.9579064758655793
79 9076 newAPP 4.0 13.0 200.0 327.9608014047583
allowInformationToCentralPlanner 79 9076 [2.2775055653108214, 0.0, 0.0, 0.0] [539.2431184547659, 0.0, 0.0, 0.0]
requestGoodsToTheCentralPlanner 79 9076 [2.2775055653108214, 0.0, 0.0, 0.0] [539.2431184547659, 0.0, 0.0, 0.0]
concludeProduction 79 9076 2.2775055653108214 2.279680748936683
80 9076 newAPP 3.0 13.0 150.0 330.240482153695
allowInformationToCentralPlanner 80 9076 [2.2933366816228817, 0.0, 0.0, 0.0] [536.7354696309355, 0.0, 0.0, 0.0]
requestGoodsToTheCentralPlanner 80 9076 [2.2933366816228817, 0.0, 0.0, 0.0] [536.7354696309355, 0.0, 0.0, 0.0]
concludeProduction 80 9076 2.2933366816228817 2.106401151660041
81 9076 newAPP 5.0 17.0 250.0 332.34688330535505
allowInformationToCentralPlanner 81 9076 [2.307964467398299, 0.0, 0.0, 0.0] [534.4184283641093, 0.0, 0.0, 0.0]
requestGoodsToTheCentralPlanner 81 9076 [2.307964467398299, 0.0, 0.0, 0.0] [534.4184283641093, 0.0, 0.0, 0.0]
concludeProduction 81 9076 2.307964467398299 2.578113860894364
82 9076 newAPP 3.0 17.0 150.0 334.92499716624945
allowInformationToCentralPlanner 82 9076 [2.3258680358767325, 0.0, 0.0, 0.0] [375.58250311712555, 0.0, 0.0, 0.0]
requestGoodsToTheCentralPlanner 82 9076 [2.3258680358767325, 0.0, 0.0, 0.0] [375.58250311712555, 0.0, 0.0, 0.0]
concludeProduction 82 9076 2.3258680358767325 0.9525899016336972
83 9076 newAPP 2.0 17.0 100.0 335.87758706788316
allowInformationToCentralPlanner 83 9076 [2.3324832435269665, 0.0, 0.0, 0.0] [350.5346542253284, 0.0, 0.0, 0.0]
requestGoodsToTheCentralPlanner 83 9076 [2.3324832435269665, 0.0, 0.0, 0.0] [350.5346542253284, 0.0, 0.0, 0.0]
concludeProduction 83 9076 2.3324832435269665 0.6038730568397335
84 9076 newAPP 9.0 17.0 450.0 336.4814601247229
allowInformationToCentralPlanner 84 9076 [2.336676806421687, 0.0, 0.0, 0.0] [469.8703938628048, 0.0, 0.0, 0.0]
requestGoodsToTheCentralPlanner 84 9076 [2.336676806421687, 0.0, 0.0, 0.0] [469.8703938628048, 0.0, 0.0, 0.0]
concludeProduction 84 9076 2.336676806421687 1.9273574031929814
85 9076 newAPP 2.0 17.0 100.0 338.4088175279159
allowInformationToCentralPlanner 85 9076 [2.3500612328327493, 0.0, 0.0, 0.0] [497.75030071929234, 0.0, 0.0, 0.0]
requestGoodsToTheCentralPlanner 85 9076 [2.3500612328327493, 0.0, 0.0, 0.0] [497.75030071929234, 0.0, 0.0, 0.0]
concludeProduction 85 9076 2.3500612328327493 1.7821297498371034
86 9076 newAPP 3.0 17.0 150.0 340.190947277753
allowInformationToCentralPlanner 86 9076 [2.362437133873285, 0.0, 0.0, 0.0] [345.78995799447154, 0.0, 0.0, 0.0]
requestGoodsToTheCentralPlanner 86 9076 [2.362437133873285, 0.0, 0.0, 0.0] [345.78995799447154, 0.0, 0.0, 0.0]
concludeProduction 86 9076 2.362437133873285 0.5225191059583794
87 9076 newAPP 3.0 17.0 150.0 340.71346638371136
allowInformationToCentralPlanner 87 9076 [2.3660657387757733, 0.0, 0.0, 0.0] [345.21518697791737, 0.0, 0.0, 0.0]
requestGoodsToTheCentralPlanner 87 9076 [2.3660657387757733, 0.0, 0.0, 0.0] [345.21518697791737, 0.0, 0.0, 0.0]
concludeProduction 87 9076 2.3660657387757733 0.6767928476820133
88 9076 newAPP 4.0 17.0 200.0 341.3902592313934
allowInformationToCentralPlanner 88 9076 [2.370765689106898, 0.0, 0.0, 0.0] [320.4707148454673, 0.0, 0.0, 0.0]
requestGoodsToTheCentralPlanner 88 9076 [2.370765689106898, 0.0, 0.0, 0.0] [320.4707148454673, 0.0, 0.0, 0.0]
concludeProduction 88 9076 2.370765689106898 0.35034318815443877
89 9076 newAPP 3.0 17.0 150.0 341.74060241954777
allowInformationToCentralPlanner 89 9076 [2.373198627913526, 0.0, 0.0, 0.0] [320.0853373384974, 0.0, 0.0, 0.0]
requestGoodsToTheCentralPlanner 89 9076 [2.373198627913526, 0.0, 0.0, 0.0] [320.0853373384974, 0.0, 0.0, 0.0]
concludeProduction 89 9076 2.373198627913526 0.24901061201228147
90 9076 newAPP 3.0 17.0 150.0 341.98961303156
allowInformationToCentralPlanner 90 9076 [2.3749278682747224, 0.0, 0.0, 0.0] [343.8114256652839, 0.0, 0.0, 0.0]
requestGoodsToTheCentralPlanner 90 9076 [2.3749278682747224, 0.0, 0.0, 0.0] [343.8114256652839, 0.0, 0.0, 0.0]
concludeProduction 90 9076 2.3749278682747224 0.6854190259234301
91 9076 newAPP 6.0 16.0 300.0 342.67503205748346
allowInformationToCentralPlanner 91 9076 [2.379687722621413, 0.0, 0.0, 0.0] [319.05746473676817, 0.0, 0.0, 0.0]
requestGoodsToTheCentralPlanner 91 9076 [2.379687722621413, 0.0, 0.0, 0.0] [319.05746473676817, 0.0, 0.0, 0.0]
concludeProduction 91 9076 2.379687722621413 0.3606945670668886
92 9076 newAPP 3.0 16.0 150.0 343.0357266245503
allowInformationToCentralPlanner 92 9076 [2.3821925460038216, 0.0, 0.0, 0.0] [318.66070071299464, 0.0, 0.0, 0.0]
requestGoodsToTheCentralPlanner 92 9076 [2.3821925460038216, 0.0, 0.0, 0.0] [318.66070071299464, 0.0, 0.0, 0.0]
concludeProduction 92 9076 2.3821925460038216 0.4258360036738318
93 9076 newAPP 4.0 16.0 200.0 343.46156262822416
allowInformationToCentralPlanner 93 9076 [2.385149740473779, 0.0, 0.0, 0.0] [318.1922811089534, 0.0, 0.0, 0.0]
requestGoodsToTheCentralPlanner 93 9076 [2.385149740473779, 0.0, 0.0, 0.0] [318.1922811089534, 0.0, 0.0, 0.0]
concludeProduction 93 9076 2.385149740473779 0.5040890141698755
94 9076 newAPP 4.0 16.0 200.0 343.96565164239405
allowInformationToCentralPlanner 94 9076 [2.3886503586277366, 0.0, 0.0, 0.0] [179.6377831933665, 0.0, 0.0, 0.0]
requestGoodsToTheCentralPlanner 94 9076 [2.3886503586277366, 0.0, 0.0, 0.0] [179.6377831933665, 0.0, 0.0, 0.0]
concludeProduction 94 9076 1.5576164935319194 0.0
95 9076 newAPP 3.0 16.0 150.0 343.1346177772982
allowInformationToCentralPlanner 95 9076 [2.3828792901201266, 0.0, 0.0, 0.0] [342.5519204449718, 0.0, 0.0, 0.0]
requestGoodsToTheCentralPlanner 95 9076 [2.3828792901201266, 0.0, 0.0, 0.0] [342.5519204449718, 0.0, 0.0, 0.0]
concludeProduction 95 9076 2.3828792901201266 0.4815106182772122
96 9076 newAPP 7.0 16.0 350.0 343.61612839557546
allowInformationToCentralPlanner 96 9076 [2.386223113858163, 0.0, 0.0, 0.0] [318.022258764867, 0.0, 0.0, 0.0]
requestGoodsToTheCentralPlanner 96 9076 [2.386223113858163, 0.0, 0.0, 0.0] [318.022258764867, 0.0, 0.0, 0.0]
concludeProduction 96 9076 2.386223113858163 0.23741192520057597
97 9076 newAPP 4.0 16.0 200.0 343.85354032077606
allowInformationToCentralPlanner 97 9076 [2.387871807783167, 0.0, 0.0, 0.0] [341.76110564714617, 0.0, 0.0, 0.0]
requestGoodsToTheCentralPlanner 97 9076 [2.387871807783167, 0.0, 0.0, 0.0] [341.76110564714617, 0.0, 0.0, 0.0]
concludeProduction 97 9076 2.387871807783167 0.6288821620647913
98 9076 newAPP 9.0 16.0 450.0 344.4824224828409
allowInformationToCentralPlanner 98 9076 [2.3922390450197284, 0.0, 0.0, 0.0] [491.06933526887485, 0.0, 0.0, 0.0]
requestGoodsToTheCentralPlanner 98 9076 [2.3922390450197284, 0.0, 0.0, 0.0] [491.06933526887485, 0.0, 0.0, 0.0]
concludeProduction 98 9076 2.3922390450197284 1.8935532703878444
99 9076 newAPP 4.0 16.0 200.0 346.3759757532287
allowInformationToCentralPlanner 99 9076 [2.4053887205085327, 0.0, 0.0, 0.0] [518.9864266714484, 0.0, 0.0, 0.0]
requestGoodsToTheCentralPlanner 99 9076 [2.4053887205085327, 0.0, 0.0, 0.0] [518.9864266714484, 0.0, 0.0, 0.0]
concludeProduction 99 9076 2.4053887205085327 2.0570269958550953
100 9076 newAPP 8.0 16.0 400.0 348.4330027490838
allowInformationToCentralPlanner 100 9076 [2.419673630201971, 0.0, 0.0, 0.0] [456.7236969760078, 0.0, 0.0, 0.0]
requestGoodsToTheCentralPlanner 100 9076 [2.419673630201971, 0.0, 0.0, 0.0] [456.7236969760078, 0.0, 0.0, 0.0]
concludeProduction 100 9076 2.419673630201971 1.4443115571565075
101 9076 newAPP 3.0 16.0 150.0 349.8773143062403
allowInformationToCentralPlanner 101 9076 [2.429703571571113, 0.0, 0.0, 0.0] [485.1349542631355, 0.0, 0.0, 0.0]
requestGoodsToTheCentralPlanner 101 9076 [2.429703571571113, 0.0, 0.0, 0.0] [485.1349542631355, 0.0, 0.0, 0.0]
concludeProduction 101 9076 2.429703571571113 1.863398401962022
102 9076 newAPP 9.0 16.0 450.0 351.7407127082023
allowInformationToCentralPlanner 102 9076 [2.4426438382514046, 0.0, 0.0, 0.0] [453.08521602097744, 0.0, 0.0, 0.0]
requestGoodsToTheCentralPlanner 102 9076 [2.4426438382514046, 0.0, 0.0, 0.0] [453.08521602097744, 0.0, 0.0, 0.0]
concludeProduction 102 9076 2.4426438382514046 1.5772066186180966
103 9076 newAPP 6.0 16.0 300.0 353.3179193268204
allowInformationToCentralPlanner 103 9076 [2.453596661991808, 0.0, 0.0, 0.0] [583.3502887404977, 0.0, 0.0, 0.0]
requestGoodsToTheCentralPlanner 103 9076 [2.453596661991808, 0.0, 0.0, 0.0] [583.3502887404977, 0.0, 0.0, 0.0]
concludeProduction 103 9076 2.453596661991808 2.472137838567112
104 9076 newAPP 8.0 16.0 400.0 355.7900571653875
allowInformationToCentralPlanner 104 9076 [2.4707642858707466, 0.0, 0.0, 0.0] [508.6309371180737, 0.0, 0.0, 0.0]
requestGoodsToTheCentralPlanner 104 9076 [2.4707642858707466, 0.0, 0.0, 0.0] [508.6309371180737, 0.0, 0.0, 0.0]
concludeProduction 104 9076 2.4707642858707466 2.0153817101995477
105 9076 newAPP 9.0 16.0 450.0 357.8054388755871
allowInformationToCentralPlanner 105 9076 [2.484759992191577, 0.0, 0.0, 0.0] [614.4140172368542, 0.0, 0.0, 0.0]
requestGoodsToTheCentralPlanner 105 9076 [2.484759992191577, 0.0, 0.0, 0.0] [614.4140172368542, 0.0, 0.0, 0.0]
concludeProduction 105 9076 2.484759992191577 2.809361578567176
106 9076 newAPP 4.0 16.0 200.0 360.61480045415425
allowInformationToCentralPlanner 106 9076 [2.5042694475982934, 0.0, 0.0, 0.0] [503.3237195004303, 0.0, 0.0, 0.0]
requestGoodsToTheCentralPlanner 106 9076 [2.5042694475982934, 0.0, 0.0, 0.0] [503.3237195004303, 0.0, 0.0, 0.0]
concludeProduction 106 9076 2.5042694475982934 1.87746904544829
107 9076 newAPP 8.0 16.0 400.0 362.49226949960257
allowInformationToCentralPlanner 107 9076 [2.5173074270805733, 0.0, 0.0, 0.0] [609.2585035504371, 0.0, 0.0, 0.0]
requestGoodsToTheCentralPlanner 107 9076 [2.5173074270805733, 0.0, 0.0, 0.0] [609.2585035504371, 0.0, 0.0, 0.0]
concludeProduction 107 9076 2.5173074270805733 2.521443385747914
108 9076 newAPP 4.0 16.0 200.0 365.01371288535046
allowInformationToCentralPlanner 108 9076 [2.5348174505927115, 0.0, 0.0, 0.0] [534.4849158261145, 0.0, 0.0, 0.0]
requestGoodsToTheCentralPlanner 108 9076 [2.5348174505927115, 0.0, 0.0, 0.0] [534.4849158261145, 0.0, 0.0, 0.0]
concludeProduction 108 9076 2.5348174505927115 2.0616801929855835
109 9076 newAPP 8.0 16.0 400.0 367.07539307833605
allowInformationToCentralPlanner 109 9076 [2.5491346741551113, 0.0, 0.0, 0.0] [604.2170676138303, 0.0, 0.0, 0.0]
requestGoodsToTheCentralPlanner 109 9076 [2.5491346741551113, 0.0, 0.0, 0.0] [604.2170676138303, 0.0, 0.0, 0.0]
concludeProduction 109 9076 2.5491346741551113 2.7411490603360185
110 9076 newAPP 5.0 16.0 250.0 369.8165421386721
allowInformationToCentralPlanner 110 9076 [2.5681704315185563, 0.0, 0.0, 0.0] [493.2018036474607, 0.0, 0.0, 0.0]
requestGoodsToTheCentralPlanner 110 9076 [2.5681704315185563, 0.0, 0.0, 0.0] [493.2018036474607, 0.0, 0.0, 0.0]
concludeProduction 110 9076 2.5681704315185563 1.4781735185637146
111 9076 newAPP 2.0 17.0 100.0 371.29471565723577
allowInformationToCentralPlanner 111 9076 [2.5784355253974707, 0.0, 0.0, 0.0] [491.5758127770406, 0.0, 0.0, 0.0]
requestGoodsToTheCentralPlanner 111 9076 [2.5784355253974707, 0.0, 0.0, 0.0] [491.5758127770406, 0.0, 0.0, 0.0]
concludeProduction 111 9076 2.5784355253974707 1.9187998916983724
112 9076 newAPP 9.0 17.0 450.0 373.21351554893414
allowInformationToCentralPlanner 112 9076 [2.591760524645376, 0.0, 0.0, 0.0] [489.4651328961724, 0.0, 0.0, 0.0]
requestGoodsToTheCentralPlanner 112 9076 [2.591760524645376, 0.0, 0.0, 0.0] [489.4651328961724, 0.0, 0.0, 0.0]
concludeProduction 112 9076 2.591760524645376 1.539509837030148
113 9076 newAPP 2.0 17.0 100.0 374.7530253859643
allowInformationToCentralPlanner 113 9076 [2.6024515651803077, 0.0, 0.0, 0.0] [559.7716720754394, 0.0, 0.0, 0.0]
requestGoodsToTheCentralPlanner 113 9076 [2.6024515651803077, 0.0, 0.0, 0.0] [559.7716720754394, 0.0, 0.0, 0.0]
concludeProduction 113 9076 2.6024515651803077 2.3866063904846233
114 9076 newAPP 8.0 17.0 400.0 377.1396317764489
allowInformationToCentralPlanner 114 9076 [2.619025220669784, 0.0, 0.0, 0.0] [557.1464050459062, 0.0, 0.0, 0.0]
requestGoodsToTheCentralPlanner 114 9076 [2.619025220669784, 0.0, 0.0, 0.0] [557.1464050459062, 0.0, 0.0, 0.0]
concludeProduction 114 9076 2.619025220669784 1.9459516758750852
115 9076 newAPP 3.0 17.0 150.0 379.08558345232393
allowInformationToCentralPlanner 115 9076 [2.632538773974472, 0.0, 0.0, 0.0] [453.0058582024435, 0.0, 0.0, 0.0]
requestGoodsToTheCentralPlanner 115 9076 [2.632538773974472, 0.0, 0.0, 0.0] [453.0058582024435, 0.0, 0.0, 0.0]
concludeProduction 115 9076 2.632538773974472 1.5286655705621093
116 9076 newAPP 2.0 17.0 100.0 380.61424902288604
allowInformationToCentralPlanner 116 9076 [2.6431545071033753, 0.0, 0.0, 0.0] [481.3243260748253, 0.0, 0.0, 0.0]
requestGoodsToTheCentralPlanner 116 9076 [2.6431545071033753, 0.0, 0.0, 0.0] [481.3243260748253, 0.0, 0.0, 0.0]
concludeProduction 116 9076 2.6431545071033753 1.4424448766270448
117 9076 newAPP 5.0 17.0 250.0 382.0566938995131
allowInformationToCentralPlanner 117 9076 [2.6531714854132855, 0.0, 0.0, 0.0] [479.7376367105355, 0.0, 0.0, 0.0]
requestGoodsToTheCentralPlanner 117 9076 [2.6531714854132855, 0.0, 0.0, 0.0] [479.7376367105355, 0.0, 0.0, 0.0]
concludeProduction 117 9076 2.6531714854132855 1.3133165164780638
118 9076 newAPP 3.0 17.0 150.0 383.37001041599115
allowInformationToCentralPlanner 118 9076 [2.6622917389999383, 0.0, 0.0, 0.0] [478.2929885424097, 0.0, 0.0, 0.0]
requestGoodsToTheCentralPlanner 118 9076 [2.6622917389999383, 0.0, 0.0, 0.0] [478.2929885424097, 0.0, 0.0, 0.0]
concludeProduction 118 9076 2.6622917389999383 1.6150535436182345
119 9076 newAPP 4.0 17.0 200.0 384.98506395960936
allowInformationToCentralPlanner 119 9076 [2.673507388608398, 0.0, 0.0, 0.0] [344.51642964442965, 0.0, 0.0, 0.0]
requestGoodsToTheCentralPlanner 119 9076 [2.673507388608398, 0.0, 0.0, 0.0] [344.51642964442965, 0.0, 0.0, 0.0]
concludeProduction 119 9076 2.673507388608398 0.36187355339591054
120 9076 newAPP 7.0 17.0 350.0 385.34693751300523
allowInformationToCentralPlanner 120 9076 [2.6760203993958696, 0.0, 0.0, 0.0] [506.1183687356941, 0.0, 0.0, 0.0]
requestGoodsToTheCentralPlanner 120 9076 [2.6760203993958696, 0.0, 0.0, 0.0] [506.1183687356941, 0.0, 0.0, 0.0]
concludeProduction 120 9076 2.6760203993958696 1.7562344835853594
121 9076 newAPP 2.0 17.0 100.0 387.10317199659056
allowInformationToCentralPlanner 121 9076 [2.6882164721985458, 0.0, 0.0, 0.0] [504.18651080375025, 0.0, 0.0, 0.0]
requestGoodsToTheCentralPlanner 121 9076 [2.6882164721985458, 0.0, 0.0, 0.0] [504.18651080375025, 0.0, 0.0, 0.0]
concludeProduction 121 9076 2.6882164721985458 1.3808847822557366
122 9076 newAPP 5.0 17.0 250.0 388.4840567788463
allowInformationToCentralPlanner 122 9076 [2.6978059498530995, 0.0, 0.0, 0.0] [316.667537543269, 0.0, 0.0, 0.0]
requestGoodsToTheCentralPlanner 122 9076 [2.6978059498530995, 0.0, 0.0, 0.0] [316.667537543269, 0.0, 0.0, 0.0]
concludeProduction 122 9076 2.6978059498530995 0.06885321789498233
123 9076 newAPP 3.0 17.0 150.0 388.5529099967413
allowInformationToCentralPlanner 123 9076 [2.698284097199592, 0.0, 0.0, 0.0] [316.5917990035846, 0.0, 0.0, 0.0]
requestGoodsToTheCentralPlanner 123 9076 [2.698284097199592, 0.0, 0.0, 0.0] [316.5917990035846, 0.0, 0.0, 0.0]
concludeProduction 123 9076 2.698284097199592 0.037332541661097896
124 9076 newAPP 5.0 17.0 250.0 388.5902425384024
allowInformationToCentralPlanner 124 9076 [2.6985433509611276, 0.0, 0.0, 0.0] [340.55073320775733, 0.0, 0.0, 0.0]
requestGoodsToTheCentralPlanner 124 9076 [2.6985433509611276, 0.0, 0.0, 0.0] [340.55073320775733, 0.0, 0.0, 0.0]
concludeProduction 124 9076 2.6985433509611276 0.0524033066430416
125 9076 newAPP 4.0 17.0 200.0 388.6426458450454
allowInformationToCentralPlanner 125 9076 [2.6989072628128152, 0.0, 0.0, 0.0] [316.49308957045, 0.0, 0.0, 0.0]
requestGoodsToTheCentralPlanner 125 9076 [2.6989072628128152, 0.0, 0.0, 0.0] [316.49308957045, 0.0, 0.0, 0.0]
concludeProduction 125 9076 2.6989072628128152 0.07320465075642257
126 9076 newAPP 6.0 17.0 300.0 388.7158504958018
allowInformationToCentralPlanner 126 9076 [2.6994156284430684, 0.0, 0.0, 0.0] [268.41256445461795, 0.0, 0.0, 0.0]
requestGoodsToTheCentralPlanner 126 9076 [2.6994156284430684, 0.0, 0.0, 0.0] [268.41256445461795, 0.0, 0.0, 0.0]
concludeProduction 126 9076 2.212446876663914 0.0
127 9076 newAPP 4.0 17.0 200.0 388.22888174402266
allowInformationToCentralPlanner 127 9076 [2.6960339010001575, 0.0, 0.0, 0.0] [316.94823008157505, 0.0, 0.0, 0.0]
requestGoodsToTheCentralPlanner 127 9076 [2.6960339010001575, 0.0, 0.0, 0.0] [316.94823008157505, 0.0, 0.0, 0.0]
concludeProduction 127 9076 2.6017119669941664 0.0
128 9076 newAPP 5.0 17.0 250.0 388.1345598100167
allowInformationToCentralPlanner 128 9076 [2.6953788875695603, 0.0, 0.0, 0.0] [317.0519842089816, 0.0, 0.0, 0.0]
requestGoodsToTheCentralPlanner 128 9076 [2.6953788875695603, 0.0, 0.0, 0.0] [317.0519842089816, 0.0, 0.0, 0.0]
concludeProduction 128 9076 2.6752686549844245 0.0
129 9076 newAPP 5.0 17.0 250.0 388.11444957743157
allowInformationToCentralPlanner 129 9076 [2.695239233176608, 0.0, 0.0, 0.0] [473.0741054648252, 0.0, 0.0, 0.0]
requestGoodsToTheCentralPlanner 129 9076 [2.695239233176608, 0.0, 0.0, 0.0] [473.0741054648252, 0.0, 0.0, 0.0]
concludeProduction 129 9076 2.695239233176608 1.3158300427670278
130 9076 newAPP 4.0 17.0 200.0 389.4302796201986
allowInformationToCentralPlanner 130 9076 [2.7043769418069346, 0.0, 0.0, 0.0] [291.62669241778144, 0.0, 0.0, 0.0]
requestGoodsToTheCentralPlanner 130 9076 [2.7043769418069346, 0.0, 0.0, 0.0] [291.62669241778144, 0.0, 0.0, 0.0]
concludeProduction 130 9076 2.559327743363675 0.0
131 9076 newAPP 5.0 16.0 250.0 389.28523042175533
allowInformationToCentralPlanner 131 9076 [2.7033696557066342, 0.0, 0.0, 0.0] [501.786246536069, 0.0, 0.0, 0.0]
requestGoodsToTheCentralPlanner 131 9076 [2.7033696557066342, 0.0, 0.0, 0.0] [501.786246536069, 0.0, 0.0, 0.0]
concludeProduction 131 9076 2.7033696557066342 1.5232693792445202
132 9076 newAPP 5.0 16.0 250.0 390.80849980099987
allowInformationToCentralPlanner 132 9076 [2.7139479152847215, 0.0, 0.0, 0.0] [560.1106502189001, 0.0, 0.0, 0.0]
requestGoodsToTheCentralPlanner 132 9076 [2.7139479152847215, 0.0, 0.0, 0.0] [560.1106502189001, 0.0, 0.0, 0.0]
concludeProduction 132 9076 2.7139479152847215 1.917760502006438
133 9076 newAPP 2.0 16.0 100.0 392.7262603030063
allowInformationToCentralPlanner 133 9076 [2.727265696548655, 0.0, 0.0, 0.0] [336.001113666693, 0.0, 0.0, 0.0]
requestGoodsToTheCentralPlanner 133 9076 [2.727265696548655, 0.0, 0.0, 0.0] [336.001113666693, 0.0, 0.0, 0.0]
concludeProduction 133 9076 2.727265696548655 0.1905903897312684
134 9076 newAPP 2.0 16.0 100.0 392.91685069273757
allowInformationToCentralPlanner 134 9076 [2.7285892409217887, 0.0, 0.0, 0.0] [335.79146423798863, 0.0, 0.0, 0.0]
requestGoodsToTheCentralPlanner 134 9076 [2.7285892409217887, 0.0, 0.0, 0.0] [335.79146423798863, 0.0, 0.0, 0.0]
concludeProduction 134 9076 2.7285892409217887 0.2562132352522366
135 9076 newAPP 6.0 16.0 300.0 393.1730639279898
allowInformationToCentralPlanner 135 9076 [2.7303684994999293, 0.0, 0.0, 0.0] [335.5096296792112, 0.0, 0.0, 0.0]
requestGoodsToTheCentralPlanner 135 9076 [2.7303684994999293, 0.0, 0.0, 0.0] [335.5096296792112, 0.0, 0.0, 0.0]
concludeProduction 135 9076 2.7303684994999293 0.10936301722081554
136 9076 newAPP 5.0 16.0 250.0 393.2824269452106
allowInformationToCentralPlanner 136 9076 [2.7311279648972957, 0.0, 0.0, 0.0] [383.3893303602683, 0.0, 0.0, 0.0]
requestGoodsToTheCentralPlanner 136 9076 [2.7311279648972957, 0.0, 0.0, 0.0] [383.3893303602683, 0.0, 0.0, 0.0]
concludeProduction 136 9076 2.7311279648972957 0.34416641187382346
137 9076 newAPP 4.0 16.0 200.0 393.62659335708446
allowInformationToCentralPlanner 137 9076 [2.7335180094241975, 0.0, 0.0, 0.0] [383.01074730720705, 0.0, 0.0, 0.0]
requestGoodsToTheCentralPlanner 137 9076 [2.7335180094241975, 0.0, 0.0, 0.0] [383.01074730720705, 0.0, 0.0, 0.0]
concludeProduction 137 9076 2.7335180094241975 0.6869122841527955
138 9076 newAPP 7.0 16.0 350.0 394.31350564123727
allowInformationToCentralPlanner 138 9076 [2.7382882336197034, 0.0, 0.0, 0.0] [334.25514379463897, 0.0, 0.0, 0.0]
requestGoodsToTheCentralPlanner 138 9076 [2.7382882336197034, 0.0, 0.0, 0.0] [334.25514379463897, 0.0, 0.0, 0.0]
concludeProduction 138 9076 2.7165028511240417 0.0
139 9076 newAPP 6.0 16.0 300.0 394.29172025874163
allowInformationToCentralPlanner 139 9076 [2.7381369462412612, 0.0, 0.0, 0.0] [526.2791077153842, 0.0, 0.0, 0.0]
requestGoodsToTheCentralPlanner 139 9076 [2.7381369462412612, 0.0, 0.0, 0.0] [526.2791077153842, 0.0, 0.0, 0.0]
concludeProduction 139 9076 2.7381369462412612 1.8677029461670527
140 9076 newAPP 8.0 16.0 400.0 396.1594232049087
allowInformationToCentralPlanner 140 9076 [2.751107105589644, 0.0, 0.0, 0.0] [524.2246344746004, 0.0, 0.0, 0.0]
requestGoodsToTheCentralPlanner 140 9076 [2.751107105589644, 0.0, 0.0, 0.0] [524.2246344746004, 0.0, 0.0, 0.0]
concludeProduction 140 9076 2.751107105589644 1.58140869014343
141 9076 newAPP 9.0 18.0 450.0 397.7408318950521
allowInformationToCentralPlanner 141 9076 [2.7620891103823064, 0.0, 0.0, 0.0] [462.48508491544266, 0.0, 0.0, 0.0]
requestGoodsToTheCentralPlanner 141 9076 [2.7620891103823064, 0.0, 0.0, 0.0] [462.48508491544266, 0.0, 0.0, 0.0]
concludeProduction 141 9076 2.7620891103823064 1.0823580680518408
142 9076 newAPP 7.0 18.0 350.0 398.82318996310397
allowInformationToCentralPlanner 142 9076 [2.7696054858548886, 0.0, 0.0, 0.0] [569.2944910405854, 0.0, 0.0, 0.0]
requestGoodsToTheCentralPlanner 142 9076 [2.7696054858548886, 0.0, 0.0, 0.0] [569.2944910405854, 0.0, 0.0, 0.0]
concludeProduction 142 9076 2.7696054858548886 1.718689300930523
143 9076 newAPP 9.0 18.0 450.0 400.5418792640345
allowInformationToCentralPlanner 143 9076 [2.781540828222462, 0.0, 0.0, 0.0] [531.4039328095621, 0.0, 0.0, 0.0]
requestGoodsToTheCentralPlanner 143 9076 [2.781540828222462, 0.0, 0.0, 0.0] [531.4039328095621, 0.0, 0.0, 0.0]
concludeProduction 143 9076 2.781540828222462 1.7470906620818507
144 9076 newAPP 2.0 18.0 100.0 402.2889699261163
allowInformationToCentralPlanner 144 9076 [2.7936734022646963, 0.0, 0.0, 0.0] [565.4821330812717, 0.0, 0.0, 0.0]
requestGoodsToTheCentralPlanner 144 9076 [2.7936734022646963, 0.0, 0.0, 0.0] [565.4821330812717, 0.0, 0.0, 0.0]
concludeProduction 144 9076 2.7936734022646963 1.9034988780664879
145 9076 newAPP 3.0 18.0 150.0 404.1924688041828
allowInformationToCentralPlanner 145 9076 [2.806892144473492, 0.0, 0.0, 0.0] [527.388284315399, 0.0, 0.0, 0.0]
requestGoodsToTheCentralPlanner 145 9076 [2.806892144473492, 0.0, 0.0, 0.0] [527.388284315399, 0.0, 0.0, 0.0]
concludeProduction 145 9076 2.806892144473492 1.5956194792150842
146 9076 newAPP 4.0 18.0 200.0 405.7880882833979
allowInformationToCentralPlanner 146 9076 [2.817972835301374, 0.0, 0.0, 0.0] [525.6331028882623, 0.0, 0.0, 0.0]
requestGoodsToTheCentralPlanner 146 9076 [2.817972835301374, 0.0, 0.0, 0.0] [525.6331028882623, 0.0, 0.0, 0.0]
concludeProduction 146 9076 2.817972835301374 1.8112880665176991
147 9076 newAPP 2.0 18.0 100.0 407.5993763499156
allowInformationToCentralPlanner 147 9076 [2.8305512246521918, 0.0, 0.0, 0.0] [523.6406860150929, 0.0, 0.0, 0.0]
requestGoodsToTheCentralPlanner 147 9076 [2.8305512246521918, 0.0, 0.0, 0.0] [523.6406860150929, 0.0, 0.0, 0.0]
concludeProduction 147 9076 2.8305512246521918 1.5903122925816877
148 9076 newAPP 4.0 18.0 200.0 409.1896886424973
allowInformationToCentralPlanner 148 9076 [2.841595060017342, 0.0, 0.0, 0.0] [389.8913424932529, 0.0, 0.0, 0.0]
requestGoodsToTheCentralPlanner 148 9076 [2.841595060017342, 0.0, 0.0, 0.0] [389.8913424932529, 0.0, 0.0, 0.0]
concludeProduction 148 9076 2.841595060017342 0.2812589449588372
149 9076 newAPP 4.0 18.0 200.0 409.4709475874561
allowInformationToCentralPlanner 149 9076 [2.843548247135112, 0.0, 0.0, 0.0] [419.5819576537981, 0.0, 0.0, 0.0]
requestGoodsToTheCentralPlanner 149 9076 [2.843548247135112, 0.0, 0.0, 0.0] [419.5819576537981, 0.0, 0.0, 0.0]
concludeProduction 149 9076 2.843548247135112 0.611483526469188
150 9076 newAPP 3.0 18.0 150.0 410.0824311139253
allowInformationToCentralPlanner 150 9076 [2.84779466051337, 0.0, 0.0, 0.0] [478.90932577468203, 0.0, 0.0, 0.0]
requestGoodsToTheCentralPlanner 150 9076 [2.84779466051337, 0.0, 0.0, 0.0] [478.90932577468203, 0.0, 0.0, 0.0]
concludeProduction 150 9076 2.84779466051337 1.4057847496372173
151 9076 newAPP 9.0 18.0 450.0 411.48821586356246
allowInformationToCentralPlanner 151 9076 [2.8575570546080726, 0.0, 0.0, 0.0] [477.36296255008114, 0.0, 0.0, 0.0]
requestGoodsToTheCentralPlanner 151 9076 [2.8575570546080726, 0.0, 0.0, 0.0] [477.36296255008114, 0.0, 0.0, 0.0]
concludeProduction 151 9076 2.8575570546080726 1.126919231081855
152 9076 newAPP 3.0 18.0 150.0 412.6151350946443
allowInformationToCentralPlanner 152 9076 [2.8653828826016965, 0.0, 0.0, 0.0] [290.12335139589123, 0.0, 0.0, 0.0]
requestGoodsToTheCentralPlanner 152 9076 [2.8653828826016965, 0.0, 0.0, 0.0] [290.12335139589123, 0.0, 0.0, 0.0]
concludeProduction 152 9076 2.5235759911360134 0.0
153 9076 newAPP 3.0 18.0 150.0 412.2733282031786
allowInformationToCentralPlanner 153 9076 [2.8630092236331848, 0.0, 0.0, 0.0] [314.4993389765035, 0.0, 0.0, 0.0]
requestGoodsToTheCentralPlanner 153 9076 [2.8630092236331848, 0.0, 0.0, 0.0] [314.4993389765035, 0.0, 0.0, 0.0]
concludeProduction 153 9076 2.7793292765005297 0.0
154 9076 newAPP 6.0 18.0 300.0 412.1896482560459
allowInformationToCentralPlanner 154 9076 [2.8624281128892077, 0.0, 0.0, 0.0] [290.59138691834943, 0.0, 0.0, 0.0]
requestGoodsToTheCentralPlanner 154 9076 [2.8624281128892077, 0.0, 0.0, 0.0] [290.59138691834943, 0.0, 0.0, 0.0]
concludeProduction 154 9076 2.4949713434026433 0.0
155 9076 newAPP 4.0 18.0 200.0 411.82219148655935
allowInformationToCentralPlanner 155 9076 [2.8598763297677734, 0.0, 0.0, 0.0] [290.9955893647847, 0.0, 0.0, 0.0]
requestGoodsToTheCentralPlanner 155 9076 [2.8598763297677734, 0.0, 0.0, 0.0] [290.9955893647847, 0.0, 0.0, 0.0]
concludeProduction 155 9076 2.357159193240599 0.0
156 9076 newAPP 5.0 18.0 250.0 411.3194743500322
allowInformationToCentralPlanner 156 9076 [2.85638523854189, 0.0, 0.0, 0.0] [243.54857821496455, 0.0, 0.0, 0.0]
requestGoodsToTheCentralPlanner 156 9076 [2.85638523854189, 0.0, 0.0, 0.0] [243.54857821496455, 0.0, 0.0, 0.0]
concludeProduction 156 9076 2.0791521241164665 0.0
157 9076 newAPP 3.0 18.0 150.0 410.54224123560675
allowInformationToCentralPlanner 157 9076 [2.85098778635838, 0.0, 0.0, 0.0] [244.40353464083256, 0.0, 0.0, 0.0]
requestGoodsToTheCentralPlanner 157 9076 [2.85098778635838, 0.0, 0.0, 0.0] [244.40353464083256, 0.0, 0.0, 0.0]
concludeProduction 157 9076 1.958784923472917 0.0
158 9076 newAPP 4.0 18.0 200.0 409.6500383727213
allowInformationToCentralPlanner 158 9076 [2.844791933143898, 0.0, 0.0, 0.0] [269.3849577900064, 0.0, 0.0, 0.0]
requestGoodsToTheCentralPlanner 158 9076 [2.844791933143898, 0.0, 0.0, 0.0] [269.3849577900064, 0.0, 0.0, 0.0]
concludeProduction 158 9076 2.299760315856898 0.0
159 9076 newAPP 6.0 18.0 300.0 409.1050067554343
allowInformationToCentralPlanner 159 9076 [2.8410069913571827, 0.0, 0.0, 0.0] [389.9844925690222, 0.0, 0.0, 0.0]
requestGoodsToTheCentralPlanner 159 9076 [2.8410069913571827, 0.0, 0.0, 0.0] [389.9844925690222, 0.0, 0.0, 0.0]
concludeProduction 159 9076 2.8410069913571827 0.4136954331314113
160 9076 newAPP 5.0 18.0 250.0 409.5187021885657
allowInformationToCentralPlanner 160 9076 [2.8438798763094844, 0.0, 0.0, 0.0] [359.5294275925777, 0.0, 0.0, 0.0]
requestGoodsToTheCentralPlanner 160 9076 [2.8438798763094844, 0.0, 0.0, 0.0] [359.5294275925777, 0.0, 0.0, 0.0]
concludeProduction 160 9076 2.8438798763094844 0.14551657482184543
161 9076 newAPP 2.0 18.0 100.0 409.66421876338757
allowInformationToCentralPlanner 161 9076 [2.8448904080790802, 0.0, 0.0, 0.0] [221.36935936027362, 0.0, 0.0, 0.0]
requestGoodsToTheCentralPlanner 161 9076 [2.8448904080790802, 0.0, 0.0, 0.0] [221.36935936027362, 0.0, 0.0, 0.0]
concludeProduction 161 9076 1.867550044574802 0.0
162 9076 newAPP 8.0 18.0 400.0 408.68687839988326
allowInformationToCentralPlanner 162 9076 [2.8381033222214116, 0.0, 0.0, 0.0] [390.4444337601284, 0.0, 0.0, 0.0]
requestGoodsToTheCentralPlanner 162 9076 [2.8381033222214116, 0.0, 0.0, 0.0] [390.4444337601284, 0.0, 0.0, 0.0]
concludeProduction 162 9076 2.8381033222214116 0.35456113769425457
163 9076 newAPP 6.0 18.0 300.0 409.0414395375775
allowInformationToCentralPlanner 163 9076 [2.8405655523442883, 0.0, 0.0, 0.0] [390.0544165086647, 0.0, 0.0, 0.0]
requestGoodsToTheCentralPlanner 163 9076 [2.8405655523442883, 0.0, 0.0, 0.0] [390.0544165086647, 0.0, 0.0, 0.0]
concludeProduction 163 9076 2.8405655523442883 0.3860346426524619
164 9076 newAPP 3.0 18.0 150.0 409.42747418023
allowInformationToCentralPlanner 164 9076 [2.8432463484738193, 0.0, 0.0, 0.0] [389.629778401747, 0.0, 0.0, 0.0]
requestGoodsToTheCentralPlanner 164 9076 [2.8432463484738193, 0.0, 0.0, 0.0] [389.629778401747, 0.0, 0.0, 0.0]
concludeProduction 164 9076 2.8432463484738193 0.4072236127285782
165 9076 newAPP 3.0 18.0 150.0 409.83469779295854
allowInformationToCentralPlanner 165 9076 [2.846074290228879, 0.0, 0.0, 0.0] [269.18183242774546, 0.0, 0.0, 0.0]
requestGoodsToTheCentralPlanner 165 9076 [2.846074290228879, 0.0, 0.0, 0.0] [269.18183242774546, 0.0, 0.0, 0.0]
concludeProduction 165 9076 2.2818061998223116 0.0
166 9076 newAPP 2.0 18.0 100.0 409.27042970255195
allowInformationToCentralPlanner 166 9076 [2.8421557618232773, 0.0, 0.0, 0.0] [317.8025273271928, 0.0, 0.0, 0.0]
requestGoodsToTheCentralPlanner 166 9076 [2.8421557618232773, 0.0, 0.0, 0.0] [317.8025273271928, 0.0, 0.0, 0.0]
concludeProduction 166 9076 2.6689675628284872 0.0
167 9076 newAPP 5.0 18.0 250.0 409.09724150355714
allowInformationToCentralPlanner 167 9076 [2.8409530659969247, 0.0, 0.0, 0.0] [269.993034346087, 0.0, 0.0, 0.0]
requestGoodsToTheCentralPlanner 167 9076 [2.8409530659969247, 0.0, 0.0, 0.0] [269.993034346087, 0.0, 0.0, 0.0]
concludeProduction 167 9076 2.1829502752538223 0.0
168 9076 newAPP 4.0 18.0 200.0 408.439238712814
allowInformationToCentralPlanner 168 9076 [2.8363836021723197, 0.0, 0.0, 0.0] [246.71683741590454, 0.0, 0.0, 0.0]
requestGoodsToTheCentralPlanner 168 9076 [2.8363836021723197, 0.0, 0.0, 0.0] [246.71683741590454, 0.0, 0.0, 0.0]
concludeProduction 168 9076 2.1175413509520604 0.0
169 9076 newAPP 2.0 18.0 100.0 407.7203964615938
allowInformationToCentralPlanner 169 9076 [2.831391642094401, 0.0, 0.0, 0.0] [271.50756389224665, 0.0, 0.0, 0.0]
requestGoodsToTheCentralPlanner 169 9076 [2.831391642094401, 0.0, 0.0, 0.0] [271.50756389224665, 0.0, 0.0, 0.0]
concludeProduction 169 9076 2.1249672482817923 0.0
170 9076 newAPP 3.0 18.0 150.0 407.0139720677812
allowInformationToCentralPlanner 170 9076 [2.8264859171373695, 0.0, 0.0, 0.0] [272.28463072544054, 0.0, 0.0, 0.0]
requestGoodsToTheCentralPlanner 170 9076 [2.8264859171373695, 0.0, 0.0, 0.0] [272.28463072544054, 0.0, 0.0, 0.0]
concludeProduction 170 9076 2.4097411382036285 0.0
171 9076 newAPP 9.0 16.0 450.0 406.5972272888475
allowInformationToCentralPlanner 171 9076 [2.823591856172552, 0.0, 0.0, 0.0] [248.74304998226773, 0.0, 0.0, 0.0]
requestGoodsToTheCentralPlanner 171 9076 [2.823591856172552, 0.0, 0.0, 0.0] [248.74304998226773, 0.0, 0.0, 0.0]
concludeProduction 171 9076 2.09097725240035 0.0
172 9076 newAPP 4.0 16.0 200.0 405.8646126850753
allowInformationToCentralPlanner 172 9076 [2.8185042547574675, 0.0, 0.0, 0.0] [297.54892604641714, 0.0, 0.0, 0.0]
requestGoodsToTheCentralPlanner 172 9076 [2.8185042547574675, 0.0, 0.0, 0.0] [297.54892604641714, 0.0, 0.0, 0.0]
concludeProduction 172 9076 2.382933200759877 0.0
173 9076 newAPP 6.0 16.0 300.0 405.4290416310777
allowInformationToCentralPlanner 173 9076 [2.815479455771373, 0.0, 0.0, 0.0] [274.0280542058143, 0.0, 0.0, 0.0]
requestGoodsToTheCentralPlanner 173 9076 [2.815479455771373, 0.0, 0.0, 0.0] [274.0280542058143, 0.0, 0.0, 0.0]
concludeProduction 173 9076 2.312961954144651 0.0
174 9076 newAPP 8.0 16.0 400.0 404.926524129451
allowInformationToCentralPlanner 174 9076 [2.8119897508989653, 0.0, 0.0, 0.0] [424.58082345760374, 0.0, 0.0, 0.0]
requestGoodsToTheCentralPlanner 174 9076 [2.8119897508989653, 0.0, 0.0, 0.0] [424.58082345760374, 0.0, 0.0, 0.0]
concludeProduction 174 9076 2.8119897508989653 0.607201362109834
175 9076 newAPP 3.0 16.0 150.0 405.53372549156086
allowInformationToCentralPlanner 175 9076 [2.8162064270247282, 0.0, 0.0, 0.0] [225.91290195928303, 0.0, 0.0, 0.0]
requestGoodsToTheCentralPlanner 175 9076 [2.8162064270247282, 0.0, 0.0, 0.0] [225.91290195928303, 0.0, 0.0, 0.0]
concludeProduction 175 9076 1.8888991390096666 0.0
176 9076 newAPP 9.0 16.0 450.0 404.6064182035458
allowInformationToCentralPlanner 176 9076 [2.809766793080179, 0.0, 0.0, 0.0] [334.9329399760996, 0.0, 0.0, 0.0]
requestGoodsToTheCentralPlanner 176 9076 [2.809766793080179, 0.0, 0.0, 0.0] [334.9329399760996, 0.0, 0.0, 0.0]
concludeProduction 176 9076 2.659868540722477 0.0
177 9076 newAPP 6.0 16.0 300.0 404.45651995118806
allowInformationToCentralPlanner 177 9076 [2.8087258329943614, 0.0, 0.0, 0.0] [365.0978280536931, 0.0, 0.0, 0.0]
requestGoodsToTheCentralPlanner 177 9076 [2.8087258329943614, 0.0, 0.0, 0.0] [365.0978280536931, 0.0, 0.0, 0.0]
concludeProduction 177 9076 2.8087258329943614 0.34058637480999066
178 9076 newAPP 2.0 16.0 100.0 404.7971063259981
allowInformationToCentralPlanner 178 9076 [2.8110910161527642, 0.0, 0.0, 0.0] [394.7231830414021, 0.0, 0.0, 0.0]
requestGoodsToTheCentralPlanner 178 9076 [2.8110910161527642, 0.0, 0.0, 0.0] [394.7231830414021, 0.0, 0.0, 0.0]
concludeProduction 178 9076 2.8110910161527642 0.5842276939901501
179 9076 newAPP 9.0 16.0 450.0 405.38133401998823
allowInformationToCentralPlanner 179 9076 [2.815148152916585, 0.0, 0.0, 0.0] [526.080532578013, 0.0, 0.0, 0.0]
requestGoodsToTheCentralPlanner 179 9076 [2.815148152916585, 0.0, 0.0, 0.0] [526.080532578013, 0.0, 0.0, 0.0]
concludeProduction 179 9076 2.815148152916585 1.2657284703018679
180 9076 newAPP 8.0 16.0 400.0 406.64706249029007
allowInformationToCentralPlanner 180 9076 [2.8239379339603476, 0.0, 0.0, 0.0] [488.688231260681, 0.0, 0.0, 0.0]
requestGoodsToTheCentralPlanner 180 9076 [2.8239379339603476, 0.0, 0.0, 0.0] [488.688231260681, 0.0, 0.0, 0.0]
concludeProduction 180 9076 2.8239379339603476 1.0014208675293155
181 9076 newAPP 2.0 18.0 100.0 407.6484833578194
allowInformationToCentralPlanner 181 9076 [2.8308922455404124, 0.0, 0.0, 0.0] [559.5866683063985, 0.0, 0.0, 0.0]
requestGoodsToTheCentralPlanner 181 9076 [2.8308922455404124, 0.0, 0.0, 0.0] [559.5866683063985, 0.0, 0.0, 0.0]
concludeProduction 181 9076 2.8308922455404124 1.8228702902405356
182 9076 newAPP 7.0 18.0 350.0 409.4713536480599
allowInformationToCentralPlanner 182 9076 [2.843551067000416, 0.0, 0.0, 0.0] [485.5815109871342, 0.0, 0.0, 0.0]
requestGoodsToTheCentralPlanner 182 9076 [2.843551067000416, 0.0, 0.0, 0.0] [485.5815109871342, 0.0, 0.0, 0.0]
concludeProduction 182 9076 2.843551067000416 1.2057551474468595
183 9076 newAPP 4.0 18.0 200.0 410.67710879550674
allowInformationToCentralPlanner 183 9076 [2.8519243666354637, 0.0, 0.0, 0.0] [556.2551803249423, 0.0, 0.0, 0.0]
requestGoodsToTheCentralPlanner 183 9076 [2.8519243666354637, 0.0, 0.0, 0.0] [556.2551803249423, 0.0, 0.0, 0.0]
concludeProduction 183 9076 2.8519243666354637 1.6394871980290198
184 9076 newAPP 4.0 18.0 200.0 412.31659599353577
allowInformationToCentralPlanner 184 9076 [2.863309694399554, 0.0, 0.0, 0.0] [386.4517444071106, 0.0, 0.0, 0.0]
requestGoodsToTheCentralPlanner 184 9076 [2.863309694399554, 0.0, 0.0, 0.0] [386.4517444071106, 0.0, 0.0, 0.0]
concludeProduction 184 9076 2.863309694399554 0.3904311277799972
185 9076 newAPP 6.0 18.0 300.0 412.7070271213158
allowInformationToCentralPlanner 185 9076 [2.866021021675804, 0.0, 0.0, 0.0] [554.0222701665524, 0.0, 0.0, 0.0]
requestGoodsToTheCentralPlanner 185 9076 [2.866021021675804, 0.0, 0.0, 0.0] [554.0222701665524, 0.0, 0.0, 0.0]
concludeProduction 185 9076 2.866021021675804 1.4858477264992178
186 9076 newAPP 3.0 18.0 150.0 414.192874847815
allowInformationToCentralPlanner 186 9076 [2.876339408665382, 0.0, 0.0, 0.0] [444.38783766740346, 0.0, 0.0, 0.0]
requestGoodsToTheCentralPlanner 186 9076 [2.876339408665382, 0.0, 0.0, 0.0] [444.38783766740346, 0.0, 0.0, 0.0]
concludeProduction 186 9076 2.876339408665382 0.852634239298983
187 9076 newAPP 2.0 18.0 100.0 415.045509087114
allowInformationToCentralPlanner 187 9076 [2.882260479771625, 0.0, 0.0, 0.0] [473.44994000417444, 0.0, 0.0, 0.0]
requestGoodsToTheCentralPlanner 187 9076 [2.882260479771625, 0.0, 0.0, 0.0] [473.44994000417444, 0.0, 0.0, 0.0]
concludeProduction 187 9076 2.882260479771625 1.0634428119858081
188 9076 newAPP 4.0 18.0 200.0 416.1089518990998
allowInformationToCentralPlanner 188 9076 [2.889645499299304, 0.0, 0.0, 0.0] [412.28015291099007, 0.0, 0.0, 0.0]
requestGoodsToTheCentralPlanner 188 9076 [2.889645499299304, 0.0, 0.0, 0.0] [412.28015291099007, 0.0, 0.0, 0.0]
concludeProduction 188 9076 2.889645499299304 0.2834978424153958
189 9076 newAPP 5.0 18.0 250.0 416.3924497415152
allowInformationToCentralPlanner 189 9076 [2.891614234316078, 0.0, 0.0, 0.0] [285.96830528433327, 0.0, 0.0, 0.0]
requestGoodsToTheCentralPlanner 189 9076 [2.891614234316078, 0.0, 0.0, 0.0] [285.96830528433327, 0.0, 0.0, 0.0]
concludeProduction 189 9076 2.35445873993794 0.0
190 9076 newAPP 6.0 18.0 300.0 415.85529424713707
allowInformationToCentralPlanner 190 9076 [2.887883987827341, 0.0, 0.0, 0.0] [310.5591763281492, 0.0, 0.0, 0.0]
requestGoodsToTheCentralPlanner 190 9076 [2.887883987827341, 0.0, 0.0, 0.0] [310.5591763281492, 0.0, 0.0, 0.0]
concludeProduction 190 9076 2.580173550675175 0.0
191 9076 newAPP 2.0 17.0 100.0 415.54758380998487
allowInformationToCentralPlanner 191 9076 [2.8857471097915615, 0.0, 0.0, 0.0] [310.8976578090166, 0.0, 0.0, 0.0]
requestGoodsToTheCentralPlanner 191 9076 [2.8857471097915615, 0.0, 0.0, 0.0] [310.8976578090166, 0.0, 0.0, 0.0]
concludeProduction 191 9076 2.593215913986068 0.0
192 9076 newAPP 7.0 17.0 350.0 415.25505261417936
allowInformationToCentralPlanner 192 9076 [2.8837156431540234, 0.0, 0.0, 0.0] [311.2194421244027, 0.0, 0.0, 0.0]
requestGoodsToTheCentralPlanner 192 9076 [2.8837156431540234, 0.0, 0.0, 0.0] [311.2194421244027, 0.0, 0.0, 0.0]
concludeProduction 192 9076 2.5856639669418273 0.0
193 9076 newAPP 3.0 17.0 150.0 414.95700093796717
allowInformationToCentralPlanner 193 9076 [2.8816458398469944, 0.0, 0.0, 0.0] [263.54729896823596, 0.0, 0.0, 0.0]
requestGoodsToTheCentralPlanner 193 9076 [2.8816458398469944, 0.0, 0.0, 0.0] [263.54729896823596, 0.0, 0.0, 0.0]
concludeProduction 193 9076 1.9722217600973082 0.0
194 9076 newAPP 5.0 17.0 250.0 414.04757685821744
allowInformationToCentralPlanner 194 9076 [2.8753303948487323, 0.0, 0.0, 0.0] [288.5476654559608, 0.0, 0.0, 0.0]
requestGoodsToTheCentralPlanner 194 9076 [2.8753303948487323, 0.0, 0.0, 0.0] [288.5476654559608, 0.0, 0.0, 0.0]
concludeProduction 194 9076 2.368521441788062 0.0
195 9076 newAPP 6.0 17.0 300.0 413.54076790515677
allowInformationToCentralPlanner 195 9076 [2.8718108882302555, 0.0, 0.0, 0.0] [265.1051553043274, 0.0, 0.0, 0.0]
requestGoodsToTheCentralPlanner 195 9076 [2.8718108882302555, 0.0, 0.0, 0.0] [265.1051553043274, 0.0, 0.0, 0.0]
concludeProduction 195 9076 2.211274395920762 0.0
196 9076 newAPP 9.0 17.0 450.0 412.8802314128473
allowInformationToCentralPlanner 196 9076 [2.867223829255884, 0.0, 0.0, 0.0] [385.8317454458679, 0.0, 0.0, 0.0]
requestGoodsToTheCentralPlanner 196 9076 [2.867223829255884, 0.0, 0.0, 0.0] [385.8317454458679, 0.0, 0.0, 0.0]
concludeProduction 196 9076 2.867223829255884 0.2908215351275314
197 9076 newAPP 6.0 17.0 300.0 413.1710529479749
allowInformationToCentralPlanner 197 9076 [2.8692434232498254, 0.0, 0.0, 0.0] [325.5118417572276, 0.0, 0.0, 0.0]
requestGoodsToTheCentralPlanner 197 9076 [2.8692434232498254, 0.0, 0.0, 0.0] [325.5118417572276, 0.0, 0.0, 0.0]
concludeProduction 197 9076 2.6750864619991517 0.0
198 9076 newAPP 6.0 17.0 300.0 412.97689598672423
allowInformationToCentralPlanner 198 9076 [2.8678951110189184, 0.0, 0.0, 0.0] [355.72541441460334, 0.0, 0.0, 0.0]
requestGoodsToTheCentralPlanner 198 9076 [2.8678951110189184, 0.0, 0.0, 0.0] [355.72541441460334, 0.0, 0.0, 0.0]
concludeProduction 198 9076 2.7309564656471035 0.0
199 9076 newAPP 6.0 17.0 300.0 412.83995734135243
allowInformationToCentralPlanner 199 9076 [2.8669441482038365, 0.0, 0.0, 0.0] [481.8760469245124, 0.0, 0.0, 0.0]
requestGoodsToTheCentralPlanner 199 9076 [2.8669441482038365, 0.0, 0.0, 0.0] [481.8760469245124, 0.0, 0.0, 0.0]
concludeProduction 199 9076 2.8669441482038365 1.222396293547964
200 9076 newAPP 5.0 17.0 250.0 414.0623536349004
allowInformationToCentralPlanner 200 9076 [2.8754330113534747, 0.0, 0.0, 0.0] [444.53141100160957, 0.0, 0.0, 0.0]
requestGoodsToTheCentralPlanner 200 9076 [2.8754330113534747, 0.0, 0.0, 0.0] [444.53141100160957, 0.0, 0.0, 0.0]
concludeProduction 200 9076 2.8754330113534747 0.6023501240278959
201 9076 newAPP 4.0 17.0 200.0 414.6647037589282
allowInformationToCentralPlanner 201 9076 [2.8796159983258907, 0.0, 0.0, 0.0] [407.8688258651788, 0.0, 0.0, 0.0]
requestGoodsToTheCentralPlanner 201 9076 [2.8796159983258907, 0.0, 0.0, 0.0] [407.8688258651788, 0.0, 0.0, 0.0]
concludeProduction 201 9076 2.8796159983258907 0.5458000545269148
202 9076 newAPP 2.0 17.0 100.0 415.21050381345515
allowInformationToCentralPlanner 202 9076 [2.8834062764823276, 0.0, 0.0, 0.0] [323.2684458051993, 0.0, 0.0, 0.0]
requestGoodsToTheCentralPlanner 202 9076 [2.8834062764823276, 0.0, 0.0, 0.0] [323.2684458051993, 0.0, 0.0, 0.0]
concludeProduction 202 9076 2.574757244833428 0.0
203 9076 newAPP 5.0 17.0 250.0 414.90185478180626
allowInformationToCentralPlanner 203 9076 [2.88126288042921, 0.0, 0.0, 0.0] [353.6079597400131, 0.0, 0.0, 0.0]
requestGoodsToTheCentralPlanner 203 9076 [2.88126288042921, 0.0, 0.0, 0.0] [353.6079597400131, 0.0, 0.0, 0.0]
concludeProduction 203 9076 2.88126288042921 0.04978620002833667
204 9076 newAPP 4.0 17.0 200.0 414.9516409818346
allowInformationToCentralPlanner 204 9076 [2.881608617929407, 0.0, 0.0, 0.0] [353.5531949199819, 0.0, 0.0, 0.0]
requestGoodsToTheCentralPlanner 204 9076 [2.881608617929407, 0.0, 0.0, 0.0] [353.5531949199819, 0.0, 0.0, 0.0]
concludeProduction 204 9076 2.881608617929407 0.18726161157754806
205 9076 newAPP 6.0 17.0 300.0 415.1389025934121
allowInformationToCentralPlanner 205 9076 [2.882909045787584, 0.0, 0.0, 0.0] [383.34720714724665, 0.0, 0.0, 0.0]
requestGoodsToTheCentralPlanner 205 9076 [2.882909045787584, 0.0, 0.0, 0.0] [383.34720714724665, 0.0, 0.0, 0.0]
concludeProduction 205 9076 2.882909045787584 0.02716188849109713
206 9076 newAPP 3.0 17.0 150.0 415.1660644819032
allowInformationToCentralPlanner 206 9076 [2.8830976700132167, 0.0, 0.0, 0.0] [383.3173290699064, 0.0, 0.0, 0.0]
requestGoodsToTheCentralPlanner 206 9076 [2.8830976700132167, 0.0, 0.0, 0.0] [383.3173290699064, 0.0, 0.0, 0.0]
concludeProduction 206 9076 2.8830976700132167 0.22320222074561702
207 9076 newAPP 4.0 17.0 200.0 415.3892667026488
allowInformationToCentralPlanner 207 9076 [2.884647685435061, 0.0, 0.0, 0.0] [413.0718066270862, 0.0, 0.0, 0.0]
requestGoodsToTheCentralPlanner 207 9076 [2.884647685435061, 0.0, 0.0, 0.0] [413.0718066270862, 0.0, 0.0, 0.0]
concludeProduction 207 9076 2.884647685435061 0.540298291642821
208 9076 newAPP 3.0 17.0 150.0 415.9295649942916
allowInformationToCentralPlanner 208 9076 [2.8883997569048026, 0.0, 0.0, 0.0] [262.4774785062791, 0.0, 0.0, 0.0]
requestGoodsToTheCentralPlanner 208 9076 [2.8883997569048026, 0.0, 0.0, 0.0] [262.4774785062791, 0.0, 0.0, 0.0]
concludeProduction 208 9076 2.0812340546428576 0.0
209 9076 newAPP 4.0 17.0 200.0 415.1223992920296
allowInformationToCentralPlanner 209 9076 [2.8827944395279834, 0.0, 0.0, 0.0] [287.36536077876735, 0.0, 0.0, 0.0]
requestGoodsToTheCentralPlanner 209 9076 [2.8827944395279834, 0.0, 0.0, 0.0] [287.36536077876735, 0.0, 0.0, 0.0]
concludeProduction 209 9076 2.282314623632261 0.0
210 9076 newAPP 5.0 17.0 250.0 414.5219194761339
allowInformationToCentralPlanner 210 9076 [2.8786244408064854, 0.0, 0.0, 0.0] [288.02588857625267, 0.0, 0.0, 0.0]
requestGoodsToTheCentralPlanner 210 9076 [2.8786244408064854, 0.0, 0.0, 0.0] [288.02588857625267, 0.0, 0.0, 0.0]
concludeProduction 210 9076 2.428317837063421 0.0
211 9076 newAPP 2.0 17.0 100.0 414.07161287239086
allowInformationToCentralPlanner 211 9076 [2.8754973116138256, 0.0, 0.0, 0.0] [288.52122584037, 0.0, 0.0, 0.0]
requestGoodsToTheCentralPlanner 211 9076 [2.8754973116138256, 0.0, 0.0, 0.0] [288.52122584037, 0.0, 0.0, 0.0]
concludeProduction 211 9076 2.270259397444551 0.0
212 9076 newAPP 2.0 17.0 100.0 413.4663749582216
allowInformationToCentralPlanner 212 9076 [2.8712942705432054, 0.0, 0.0, 0.0] [289.1869875459562, 0.0, 0.0, 0.0]
requestGoodsToTheCentralPlanner 212 9076 [2.8712942705432054, 0.0, 0.0, 0.0] [289.1869875459562, 0.0, 0.0, 0.0]
concludeProduction 212 9076 2.377593855105857 0.0
213 9076 newAPP 3.0 17.0 150.0 412.9726745427842
allowInformationToCentralPlanner 213 9076 [2.8678657954360016, 0.0, 0.0, 0.0] [313.7300580029373, 0.0, 0.0, 0.0]
requestGoodsToTheCentralPlanner 213 9076 [2.8678657954360016, 0.0, 0.0, 0.0] [313.7300580029373, 0.0, 0.0, 0.0]
concludeProduction 213 9076 2.5560214203571903 0.0
214 9076 newAPP 3.0 17.0 150.0 412.6608301677054
allowInformationToCentralPlanner 214 9076 [2.865700209497954, 0.0, 0.0, 0.0] [338.07308681552394, 0.0, 0.0, 0.0]
requestGoodsToTheCentralPlanner 214 9076 [2.865700209497954, 0.0, 0.0, 0.0] [338.07308681552394, 0.0, 0.0, 0.0]
concludeProduction 214 9076 2.8440366987603163 0.0
215 9076 newAPP 3.0 17.0 150.0 412.63916665696775
allowInformationToCentralPlanner 215 9076 [2.865549768451165, 0.0, 0.0, 0.0] [158.09691667733534, 0.0, 0.0, 0.0]
requestGoodsToTheCentralPlanner 215 9076 [2.865549768451165, 0.0, 0.0, 0.0] [158.09691667733534, 0.0, 0.0, 0.0]
concludeProduction 215 9076 1.2235653255129884 0.0
216 9076 newAPP 5.0 17.0 250.0 410.9971822140296
allowInformationToCentralPlanner 216 9076 [2.854147098708539, 0.0, 0.0, 0.0] [195.9030995645674, 0.0, 0.0, 0.0]
requestGoodsToTheCentralPlanner 216 9076 [2.854147098708539, 0.0, 0.0, 0.0] [195.9030995645674, 0.0, 0.0, 0.0]
concludeProduction 216 9076 1.6050075125014711 0.0
217 9076 newAPP 5.0 17.0 250.0 409.7480426278225
allowInformationToCentralPlanner 217 9076 [2.8454725182487675, 0.0, 0.0, 0.0] [413.2771531093952, 0.0, 0.0, 0.0]
requestGoodsToTheCentralPlanner 217 9076 [2.8454725182487675, 0.0, 0.0, 0.0] [413.2771531093952, 0.0, 0.0, 0.0]
concludeProduction 217 9076 2.8454725182487675 0.42608087985391707
218 9076 newAPP 6.0 17.0 300.0 410.1741235076764
allowInformationToCentralPlanner 218 9076 [2.848431413247753, 0.0, 0.0, 0.0] [388.8084641415559, 0.0, 0.0, 0.0]
requestGoodsToTheCentralPlanner 218 9076 [2.848431413247753, 0.0, 0.0, 0.0] [388.8084641415559, 0.0, 0.0, 0.0]
concludeProduction 218 9076 2.848431413247753 0.386390810396231
219 9076 newAPP 3.0 17.0 150.0 410.56051431807265
allowInformationToCentralPlanner 219 9076 [2.8511146827643934, 0.0, 0.0, 0.0] [388.38343425012005, 0.0, 0.0, 0.0]
requestGoodsToTheCentralPlanner 219 9076 [2.8511146827643934, 0.0, 0.0, 0.0] [388.38343425012005, 0.0, 0.0, 0.0]
concludeProduction 219 9076 2.8511146827643934 0.12915514660667915
220 9076 newAPP 3.0 17.0 150.0 410.68966946467935
allowInformationToCentralPlanner 220 9076 [2.852011593504718, 0.0, 0.0, 0.0] [436.2413635888528, 0.0, 0.0, 0.0]
requestGoodsToTheCentralPlanner 220 9076 [2.852011593504718, 0.0, 0.0, 0.0] [436.2413635888528, 0.0, 0.0, 0.0]
concludeProduction 220 9076 2.852011593504718 0.7503325664967471
221 9076 newAPP 3.0 17.0 150.0 411.4400020311761
allowInformationToCentralPlanner 221 9076 [2.857222236327612, 0.0, 0.0, 0.0] [435.4159977657064, 0.0, 0.0, 0.0]
requestGoodsToTheCentralPlanner 221 9076 [2.857222236327612, 0.0, 0.0, 0.0] [435.4159977657064, 0.0, 0.0, 0.0]
concludeProduction 221 9076 2.857222236327612 0.5424668685192522
222 9076 newAPP 5.0 17.0 250.0 411.98246889969533
allowInformationToCentralPlanner 222 9076 [2.8609893673589952, 0.0, 0.0, 0.0] [410.81928421033507, 0.0, 0.0, 0.0]
requestGoodsToTheCentralPlanner 222 9076 [2.8609893673589952, 0.0, 0.0, 0.0] [410.81928421033507, 0.0, 0.0, 0.0]
concludeProduction 222 9076 2.8609893673589952 0.4199710684240019
223 9076 newAPP 4.0 17.0 200.0 412.4024399681194
allowInformationToCentralPlanner 223 9076 [2.8639058331119402, 0.0, 0.0, 0.0] [386.35731603506866, 0.0, 0.0, 0.0]
requestGoodsToTheCentralPlanner 223 9076 [2.8639058331119402, 0.0, 0.0, 0.0] [386.35731603506866, 0.0, 0.0, 0.0]
concludeProduction 223 9076 2.8639058331119402 0.15908496984298015
224 9076 newAPP 3.0 17.0 150.0 412.56152493796236
allowInformationToCentralPlanner 224 9076 [2.865010589846961, 0.0, 0.0, 0.0] [386.1823225682414, 0.0, 0.0, 0.0]
requestGoodsToTheCentralPlanner 224 9076 [2.865010589846961, 0.0, 0.0, 0.0] [386.1823225682414, 0.0, 0.0, 0.0]
concludeProduction 224 9076 2.865010589846961 0.37981470609501233
225 9076 newAPP 4.0 17.0 200.0 412.94133964405734
allowInformationToCentralPlanner 225 9076 [2.8676481919726204, 0.0, 0.0, 0.0] [361.7645263915369, 0.0, 0.0, 0.0]
requestGoodsToTheCentralPlanner 225 9076 [2.8676481919726204, 0.0, 0.0, 0.0] [361.7645263915369, 0.0, 0.0, 0.0]
concludeProduction 225 9076 2.8492656124151066 0.0
226 9076 newAPP 6.0 17.0 300.0 412.92295706449977
allowInformationToCentralPlanner 226 9076 [2.8675205351701374, 0.0, 0.0, 0.0] [313.7847472290502, 0.0, 0.0, 0.0]
requestGoodsToTheCentralPlanner 226 9076 [2.8675205351701374, 0.0, 0.0, 0.0] [313.7847472290502, 0.0, 0.0, 0.0]
concludeProduction 226 9076 2.6798675814648343 0.0
227 9076 newAPP 6.0 17.0 300.0 412.7353041107945
allowInformationToCentralPlanner 227 9076 [2.866217389658295, 0.0, 0.0, 0.0] [289.991165478126, 0.0, 0.0, 0.0]
requestGoodsToTheCentralPlanner 227 9076 [2.866217389658295, 0.0, 0.0, 0.0] [289.991165478126, 0.0, 0.0, 0.0]
concludeProduction 227 9076 2.1850259016143343 0.0
228 9076 newAPP 5.0 17.0 250.0 412.05411262275055
allowInformationToCentralPlanner 228 9076 [2.8614868932135455, 0.0, 0.0, 0.0] [290.74047611497434, 0.0, 0.0, 0.0]
requestGoodsToTheCentralPlanner 228 9076 [2.8614868932135455, 0.0, 0.0, 0.0] [290.74047611497434, 0.0, 0.0, 0.0]
concludeProduction 228 9076 2.3396733316279437 0.0
229 9076 newAPP 4.0 17.0 200.0 411.5322990611649
allowInformationToCentralPlanner 229 9076 [2.8578631879247562, 0.0, 0.0, 0.0] [291.3144710327186, 0.0, 0.0, 0.0]
requestGoodsToTheCentralPlanner 229 9076 [2.8578631879247562, 0.0, 0.0, 0.0] [291.3144710327186, 0.0, 0.0, 0.0]
concludeProduction 229 9076 2.281718474537619 0.0
230 9076 newAPP 9.0 17.0 450.0 410.9561543477778
allowInformationToCentralPlanner 230 9076 [2.853862182970679, 0.0, 0.0, 0.0] [417.9482302174443, 0.0, 0.0, 0.0]
requestGoodsToTheCentralPlanner 230 9076 [2.853862182970679, 0.0, 0.0, 0.0] [417.9482302174443, 0.0, 0.0, 0.0]
concludeProduction 230 9076 2.853862182970679 0.5700588244241582
231 9076 newAPP 3.0 17.0 150.0 411.52621317220195
allowInformationToCentralPlanner 231 9076 [2.857820924806958, 0.0, 0.0, 0.0] [447.3211655105778, 0.0, 0.0, 0.0]
requestGoodsToTheCentralPlanner 231 9076 [2.857820924806958, 0.0, 0.0, 0.0] [447.3211655105778, 0.0, 0.0, 0.0]
concludeProduction 231 9076 2.857820924806958 0.7075724034293263
232 9076 newAPP 3.0 17.0 150.0 412.23378557563126
allowInformationToCentralPlanner 232 9076 [2.862734622052995, 0.0, 0.0, 0.0] [476.5428358668055, 0.0, 0.0, 0.0]
requestGoodsToTheCentralPlanner 232 9076 [2.862734622052995, 0.0, 0.0, 0.0] [476.5428358668055, 0.0, 0.0, 0.0]
concludeProduction 232 9076 2.862734622052995 0.6764349319242471
233 9076 newAPP 2.0 17.0 100.0 412.9102205075555
allowInformationToCentralPlanner 233 9076 [2.8674320868580243, 0.0, 0.0, 0.0] [505.7987574416889, 0.0, 0.0, 0.0]
requestGoodsToTheCentralPlanner 233 9076 [2.8674320868580243, 0.0, 0.0, 0.0] [505.7987574416889, 0.0, 0.0, 0.0]
concludeProduction 233 9076 2.8674320868580243 1.27369484489541
234 9076 newAPP 6.0 17.0 300.0 414.1839153524509
allowInformationToCentralPlanner 234 9076 [2.876277189947576, 0.0, 0.0, 0.0] [444.39769311230395, 0.0, 0.0, 0.0]
requestGoodsToTheCentralPlanner 234 9076 [2.876277189947576, 0.0, 0.0, 0.0] [444.39769311230395, 0.0, 0.0, 0.0]
concludeProduction 234 9076 2.876277189947576 0.604737373298915
235 9076 newAPP 3.0 17.0 150.0 414.78865272574984
allowInformationToCentralPlanner 235 9076 [2.8804767550399295, 0.0, 0.0, 0.0] [473.732482001675, 0.0, 0.0, 0.0]
requestGoodsToTheCentralPlanner 235 9076 [2.8804767550399295, 0.0, 0.0, 0.0] [473.732482001675, 0.0, 0.0, 0.0]
concludeProduction 235 9076 2.8804767550399295 0.8600151043263016
236 9076 newAPP 2.0 17.0 100.0 415.64866783007614
allowInformationToCentralPlanner 236 9076 [2.8864490821533066, 0.0, 0.0, 0.0] [334.7864653869161, 0.0, 0.0, 0.0]
requestGoodsToTheCentralPlanner 236 9076 [2.8864490821533066, 0.0, 0.0, 0.0] [334.7864653869161, 0.0, 0.0, 0.0]
concludeProduction 236 9076 2.6137135501326165 0.0
237 9076 newAPP 2.0 17.0 100.0 415.37593229805543
allowInformationToCentralPlanner 237 9076 [2.8845550854031625, 0.0, 0.0, 0.0] [359.086474472139, 0.0, 0.0, 0.0]
requestGoodsToTheCentralPlanner 237 9076 [2.8845550854031625, 0.0, 0.0, 0.0] [359.086474472139, 0.0, 0.0, 0.0]
concludeProduction 237 9076 2.762866011980413 0.0
238 9076 newAPP 3.0 17.0 150.0 415.25424322463266
allowInformationToCentralPlanner 238 9076 [2.8837100223932826, 0.0, 0.0, 0.0] [359.220332452904, 0.0, 0.0, 0.0]
requestGoodsToTheCentralPlanner 238 9076 [2.8837100223932826, 0.0, 0.0, 0.0] [359.220332452904, 0.0, 0.0, 0.0]
concludeProduction 238 9076 2.8837100223932826 0.10882679142751517
239 9076 newAPP 4.0 17.0 200.0 415.36307001606014
allowInformationToCentralPlanner 239 9076 [2.8844657640004177, 0.0, 0.0, 0.0] [335.1006229823337, 0.0, 0.0, 0.0]
requestGoodsToTheCentralPlanner 239 9076 [2.8844657640004177, 0.0, 0.0, 0.0] [335.1006229823337, 0.0, 0.0, 0.0]
concludeProduction 239 9076 2.607056296153318 0.0
240 9076 newAPP 3.0 17.0 150.0 415.085660548213
allowInformationToCentralPlanner 240 9076 [2.88253930936259, 0.0, 0.0, 0.0] [137.40577339696551, 0.0, 0.0, 0.0]
requestGoodsToTheCentralPlanner 240 9076 [2.88253930936259, 0.0, 0.0, 0.0] [137.40577339696551, 0.0, 0.0, 0.0]
concludeProduction 240 9076 1.0999503304477867 0.0
241 9076 newAPP 3.0 14.0 150.0 413.3030715692982
allowInformationToCentralPlanner 241 9076 [2.8701602192312374, 0.0, 0.0, 0.0] [139.36662127377184, 0.0, 0.0, 0.0]
requestGoodsToTheCentralPlanner 241 9076 [2.8701602192312374, 0.0, 0.0, 0.0] [139.36662127377184, 0.0, 0.0, 0.0]
concludeProduction 241 9076 1.136588449045063 0.0
242 9076 newAPP 5.0 14.0 250.0 411.569499799112
allowInformationToCentralPlanner 242 9076 [2.8581215263827224, 0.0, 0.0, 0.0] [141.27355022097663, 0.0, 0.0, 0.0]
requestGoodsToTheCentralPlanner 242 9076 [2.8581215263827224, 0.0, 0.0, 0.0] [141.27355022097663, 0.0, 0.0, 0.0]
concludeProduction 242 9076 1.159909937345869 0.0
243 9076 newAPP 3.0 14.0 150.0 409.87128821007514
allowInformationToCentralPlanner 243 9076 [2.846328390347744, 0.0, 0.0, 0.0] [125.14158296891742, 0.0, 0.0, 0.0]
requestGoodsToTheCentralPlanner 243 9076 [2.846328390347744, 0.0, 0.0, 0.0] [125.14158296891742, 0.0, 0.0, 0.0]
concludeProduction 243 9076 0.9883564148151556 0.0
244 9076 newAPP 2.0 14.0 100.0 408.0133162345425
allowInformationToCentralPlanner 244 9076 [2.833425807184323, 0.0, 0.0, 0.0] [163.18535214200307, 0.0, 0.0, 0.0]
requestGoodsToTheCentralPlanner 244 9076 [2.833425807184323, 0.0, 0.0, 0.0] [163.18535214200307, 0.0, 0.0, 0.0]
concludeProduction 244 9076 1.2555156518036479 0.0
245 9076 newAPP 4.0 14.0 200.0 406.43540607916185
allowInformationToCentralPlanner 245 9076 [2.8224680977719574, 0.0, 0.0, 0.0] [164.9210533129218, 0.0, 0.0, 0.0]
requestGoodsToTheCentralPlanner 245 9076 [2.8224680977719574, 0.0, 0.0, 0.0] [164.9210533129218, 0.0, 0.0, 0.0]
concludeProduction 245 9076 1.3458783475886287 0.0
246 9076 newAPP 3.0 14.0 150.0 404.9588163289785
allowInformationToCentralPlanner 246 9076 [2.812214002284573, 0.0, 0.0, 0.0] [166.5453020381235, 0.0, 0.0, 0.0]
requestGoodsToTheCentralPlanner 246 9076 [2.812214002284573, 0.0, 0.0, 0.0] [166.5453020381235, 0.0, 0.0, 0.0]
concludeProduction 246 9076 1.3718411147397638 0.0
247 9076 newAPP 3.0 14.0 150.0 403.5184434414337
allowInformationToCentralPlanner 247 9076 [2.802211412787734, 0.0, 0.0, 0.0] [186.1297122144229, 0.0, 0.0, 0.0]
requestGoodsToTheCentralPlanner 247 9076 [2.802211412787734, 0.0, 0.0, 0.0] [186.1297122144229, 0.0, 0.0, 0.0]
concludeProduction 247 9076 1.4235298554130864 0.0
248 9076 newAPP 3.0 14.0 150.0 402.13976188405906
allowInformationToCentralPlanner 248 9076 [2.792637235305966, 0.0, 0.0, 0.0] [205.64626192753502, 0.0, 0.0, 0.0]
requestGoodsToTheCentralPlanner 248 9076 [2.792637235305966, 0.0, 0.0, 0.0] [205.64626192753502, 0.0, 0.0, 0.0]
concludeProduction 248 9076 1.6084681221649806 0.0
249 9076 newAPP 4.0 14.0 200.0 400.9555927709181
allowInformationToCentralPlanner 249 9076 [2.7844138386869313, 0.0, 0.0, 0.0] [188.94884795199005, 0.0, 0.0, 0.0]
requestGoodsToTheCentralPlanner 249 9076 [2.7844138386869313, 0.0, 0.0, 0.0] [188.94884795199005, 0.0, 0.0, 0.0]
concludeProduction 249 9076 1.5711015074448298 0.0
250 9076 newAPP 6.0 14.0 300.0 399.742280439676
allowInformationToCentralPlanner 250 9076 [2.775988058608861, 0.0, 0.0, 0.0] [190.28349151635638, 0.0, 0.0, 0.0]
requestGoodsToTheCentralPlanner 250 9076 [2.775988058608861, 0.0, 0.0, 0.0] [190.28349151635638, 0.0, 0.0, 0.0]
concludeProduction 250 9076 1.5337751592131892 0.0
251 9076 newAPP 8.0 14.0 400.0 398.5000675402803
allowInformationToCentralPlanner 251 9076 [2.7673615801408356, 0.0, 0.0, 0.0] [353.6499257056915, 0.0, 0.0, 0.0]
requestGoodsToTheCentralPlanner 251 9076 [2.7673615801408356, 0.0, 0.0, 0.0] [353.6499257056915, 0.0, 0.0, 0.0]
concludeProduction 251 9076 2.7463049335084944 0.0
252 9076 newAPP 4.0 14.0 200.0 398.47901089364797
allowInformationToCentralPlanner 252 9076 [2.767215353428111, 0.0, 0.0, 0.0] [353.6730880169871, 0.0, 0.0, 0.0]
requestGoodsToTheCentralPlanner 252 9076 [2.767215353428111, 0.0, 0.0, 0.0] [353.6730880169871, 0.0, 0.0, 0.0]
concludeProduction 252 9076 2.5037248413827062 0.0
253 9076 newAPP 9.0 14.0 450.0 398.2155203816026
allowInformationToCentralPlanner 253 9076 [2.7653855582055735, 0.0, 0.0, 0.0] [521.9629275802372, 0.0, 0.0, 0.0]
requestGoodsToTheCentralPlanner 253 9076 [2.7653855582055735, 0.0, 0.0, 0.0] [521.9629275802372, 0.0, 0.0, 0.0]
concludeProduction 253 9076 2.7653855582055735 1.488187644755035
254 9076 newAPP 4.0 14.0 200.0 399.70370802635756
allowInformationToCentralPlanner 254 9076 [2.775720194627483, 0.0, 0.0, 0.0] [520.3259211710067, 0.0, 0.0, 0.0]
requestGoodsToTheCentralPlanner 254 9076 [2.775720194627483, 0.0, 0.0, 0.0] [520.3259211710067, 0.0, 0.0, 0.0]
concludeProduction 254 9076 2.775720194627483 1.2561912849718575
255 9076 newAPP 4.0 14.0 200.0 400.9598993113294
allowInformationToCentralPlanner 255 9076 [2.7844437452175654, 0.0, 0.0, 0.0] [458.9441107575376, 0.0, 0.0, 0.0]
requestGoodsToTheCentralPlanner 255 9076 [2.7844437452175654, 0.0, 0.0, 0.0] [458.9441107575376, 0.0, 0.0, 0.0]
concludeProduction 255 9076 2.7844437452175654 0.8828046707658408
256 9076 newAPP 2.0 14.0 100.0 401.84270398209526
allowInformationToCentralPlanner 256 9076 [2.790574333208995, 0.0, 0.0, 0.0] [457.9730256196952, 0.0, 0.0, 0.0]
requestGoodsToTheCentralPlanner 256 9076 [2.790574333208995, 0.0, 0.0, 0.0] [457.9730256196952, 0.0, 0.0, 0.0]
concludeProduction 256 9076 2.790574333208995 0.6361282431078035
257 9076 newAPP 3.0 14.0 150.0 402.47883222520306
allowInformationToCentralPlanner 257 9076 [2.794991890452799, 0.0, 0.0, 0.0] [427.2732845522765, 0.0, 0.0, 0.0]
requestGoodsToTheCentralPlanner 257 9076 [2.794991890452799, 0.0, 0.0, 0.0] [427.2732845522765, 0.0, 0.0, 0.0]
concludeProduction 257 9076 2.794991890452799 0.5954707587727164
258 9076 newAPP 5.0 14.0 250.0 403.07430298397577
allowInformationToCentralPlanner 258 9076 [2.7991271040553873, 0.0, 0.0, 0.0] [426.6182667176265, 0.0, 0.0, 0.0]
requestGoodsToTheCentralPlanner 258 9076 [2.7991271040553873, 0.0, 0.0, 0.0] [426.6182667176265, 0.0, 0.0, 0.0]
concludeProduction 258 9076 2.7991271040553873 0.5995378880041295
259 9076 newAPP 9.0 14.0 450.0 403.6738408719799
allowInformationToCentralPlanner 259 9076 [2.8032905616109716, 0.0, 0.0, 0.0] [425.95877504082193, 0.0, 0.0, 0.0]
requestGoodsToTheCentralPlanner 259 9076 [2.8032905616109716, 0.0, 0.0, 0.0] [425.95877504082193, 0.0, 0.0, 0.0]
concludeProduction 259 9076 2.8032905616109716 0.5733240021545378
260 9076 newAPP 8.0 14.0 400.0 404.2471648741344
allowInformationToCentralPlanner 260 9076 [2.8072719782926, 0.0, 0.0, 0.0] [599.3281186384521, 0.0, 0.0, 0.0]
requestGoodsToTheCentralPlanner 260 9076 [2.8072719782926, 0.0, 0.0, 0.0] [599.3281186384521, 0.0, 0.0, 0.0]
concludeProduction 260 9076 2.8072719782926 1.7824449965284437
261 9076 newAPP 3.0 19.0 150.0 406.02960987066285
allowInformationToCentralPlanner 261 9076 [2.8196500685462698, 0.0, 0.0, 0.0] [453.36742914227085, 0.0, 0.0, 0.0]
requestGoodsToTheCentralPlanner 261 9076 [2.8196500685462698, 0.0, 0.0, 0.0] [453.36742914227085, 0.0, 0.0, 0.0]
concludeProduction 261 9076 2.8196500685462698 0.6424731063873206
262 9076 newAPP 7.0 19.0 350.0 406.6720829770502
allowInformationToCentralPlanner 262 9076 [2.8241116873406265, 0.0, 0.0, 0.0] [392.6607087252448, 0.0, 0.0, 0.0]
requestGoodsToTheCentralPlanner 262 9076 [2.8241116873406265, 0.0, 0.0, 0.0] [392.6607087252448, 0.0, 0.0, 0.0]
concludeProduction 262 9076 2.8241116873406265 0.2901958724240701
263 9076 newAPP 3.0 19.0 150.0 406.9622788494743
allowInformationToCentralPlanner 263 9076 [2.8261269364546826, 0.0, 0.0, 0.0] [392.34149326557826, 0.0, 0.0, 0.0]
requestGoodsToTheCentralPlanner 263 9076 [2.8261269364546826, 0.0, 0.0, 0.0] [392.34149326557826, 0.0, 0.0, 0.0]
concludeProduction 263 9076 2.8261269364546826 0.13588577911541044
