0 9076 newAPP 5.0 2 25.769506084467118 17.72450863385791
allowInformationToCentralPlanner 0 9076 [0.0, 0.0, 0.0, 0.0] [0.0, 0.0, 0.0, 0.0]
requestGoodsToTheCentralPlanner 0 9076 [0.0, 0.0, 0.0, 0.0] [0.0, 0.0, 0.0, 0.0]
concludeProduction 0 9076 0 0
1 9076 newAPP 5.0 2 25.769506084467118 17.72450863385791
allowInformationToCentralPlanner 1 9076 [0.0, 0.0, 0.0, 0.0] [0.0, 0.0, 0.0, 0.0]
requestGoodsToTheCentralPlanner 1 9076 [0.0, 0.0, 0.0, 0.0] [0.0, 0.0, 0.0, 0.0]
concludeProduction 1 9076 0 0
2 9076 newAPP 9.0 2 46.38511095204081 17.72450863385791
allowInformationToCentralPlanner 2 9076 [0.0, 0.0, 0.0, 0.0] [0.0, 0.0, 0.0, 0.0]
requestGoodsToTheCentralPlanner 2 9076 [0.0, 0.0, 0.0, 0.0] [0.0, 0.0, 0.0, 0.0]
concludeProduction 2 9076 0 0
3 9076 newAPP 5.0 2 25.769506084467118 17.72450863385791
allowInformationToCentralPlanner 3 9076 [0.0, 0.0, 0.0, 0.0] [0.0, 0.0, 0.0, 0.0]
requestGoodsToTheCentralPlanner 3 9076 [0.0, 0.0, 0.0, 0.0] [0.0, 0.0, 0.0, 0.0]
concludeProduction 3 9076 0 0
4 9076 newAPP 3.0 2 15.461703650680272 17.72450863385791
allowInformationToCentralPlanner 4 9076 [0.0, 0.0, 0.0, 0.0] [0.0, 0.0, 0.0, 0.0]
requestGoodsToTheCentralPlanner 4 9076 [0.0, 0.0, 0.0, 0.0] [0.0, 0.0, 0.0, 0.0]
concludeProduction 4 9076 0 0
5 9076 newAPP 6.0 2 30.923407301360545 17.72450863385791
allowInformationToCentralPlanner 5 9076 [0.0, 0.0, 0.0, 0.0] [0.0, 0.0, 0.0, 0.0]
requestGoodsToTheCentralPlanner 5 9076 [0.0, 0.0, 0.0, 0.0] [0.0, 0.0, 0.0, 0.0]
concludeProduction 5 9076 0.0 0.0
6 9076 newAPP 4.0 2 20.615604867573694 17.72450863385791
allowInformationToCentralPlanner 6 9076 [0.0, 0.0, 0.0, 0.0] [0.0, 0.0, 0.0, 0.0]
requestGoodsToTheCentralPlanner 6 9076 [0.0, 0.0, 0.0, 0.0] [0.0, 0.0, 0.0, 0.0]
concludeProduction 6 9076 0.0 0.0
7 9076 newAPP 3.0 2 15.461703650680272 17.72450863385791
allowInformationToCentralPlanner 7 9076 [0.0, 0.0, 0.0, 0.0] [0.0, 0.0, 0.0, 0.0]
requestGoodsToTheCentralPlanner 7 9076 [0.0, 0.0, 0.0, 0.0] [0.0, 0.0, 0.0, 0.0]
concludeProduction 7 9076 0.0 0.0
8 9076 newAPP 5.0 2 25.769506084467118 17.72450863385791
allowInformationToCentralPlanner 8 9076 [0.0, 0.0, 0.0, 0.0] [0.0, 0.0, 0.0, 0.0]
requestGoodsToTheCentralPlanner 8 9076 [0.0, 0.0, 0.0, 0.0] [0.0, 0.0, 0.0, 0.0]
concludeProduction 8 9076 0.0 0.0
9 9076 newAPP 6.0 2 30.923407301360545 17.72450863385791
allowInformationToCentralPlanner 9 9076 [0.0, 0.0, 0.0, 0.0] [0.0, 0.0, 0.0, 0.0]
requestGoodsToTheCentralPlanner 9 9076 [0.0, 0.0, 0.0, 0.0] [0.0, 0.0, 0.0, 0.0]
concludeProduction 9 9076 0.0 0.0
10 9076 newAPP 8.0 2 41.23120973514739 17.72450863385791
allowInformationToCentralPlanner 10 9076 [1.194113549455011, 0.0, 0.0, 0.0] [740.852413766326, 0.0, 0.0, 0.0]
requestGoodsToTheCentralPlanner 10 9076 [1.194113549455011, 0.0, 0.0, 0.0] [740.852413766326, 0.0, 0.0, 0.0]
concludeProduction 10 9076 1.194113549455011 2.522836959538654
11 9076 newAPP 4.0 17.0 20.615604867573694 17.98455768337371
allowInformationToCentralPlanner 11 9076 [1.2116332505629184, 0.0, 0.0, 0.0] [708.0772931108336, 0.0, 0.0, 0.0]
requestGoodsToTheCentralPlanner 11 9076 [1.2116332505629184, 0.0, 0.0, 0.0] [708.0772931108336, 0.0, 0.0, 0.0]
concludeProduction 11 9076 1.2116332505629184 2.356565598907332
12 9076 newAPP 9.0 17.0 46.38511095204081 18.227467809531664
allowInformationToCentralPlanner 12 9076 [1.2279982894442194, 0.0, 0.0, 0.0] [705.4850709520356, 0.0, 0.0, 0.0]
requestGoodsToTheCentralPlanner 12 9076 [1.2279982894442194, 0.0, 0.0, 0.0] [705.4850709520356, 0.0, 0.0, 0.0]
concludeProduction 12 9076 1.2279982894442194 2.7512867450749594
13 9076 newAPP 6.0 17.0 30.923407301360545 18.511065011600955
allowInformationToCentralPlanner 13 9076 [1.247104447396129, 0.0, 0.0, 0.0] [642.4586555324532, 0.0, 0.0, 0.0]
requestGoodsToTheCentralPlanner 13 9076 [1.247104447396129, 0.0, 0.0, 0.0] [642.4586555324532, 0.0, 0.0, 0.0]
concludeProduction 13 9076 1.247104447396129 2.485314411198906
14 9076 newAPP 5.0 17.0 25.769506084467118 18.767246310965774
allowInformationToCentralPlanner 14 9076 [1.2643635752516769, 0.0, 0.0, 0.0] [771.7248096801345, 0.0, 0.0, 0.0]
requestGoodsToTheCentralPlanner 14 9076 [1.2643635752516769, 0.0, 0.0, 0.0] [771.7248096801345, 0.0, 0.0, 0.0]
concludeProduction 14 9076 1.2643635752516769 3.797294060558606
15 9076 newAPP 2.0 17.0 10.307802433786847 19.158663880558077
allowInformationToCentralPlanner 15 9076 [1.290733672894445, 0.0, 0.0, 0.0] [665.5477862135198, 0.0, 0.0, 0.0]
requestGoodsToTheCentralPlanner 15 9076 [1.290733672894445, 0.0, 0.0, 0.0] [665.5477862135198, 0.0, 0.0, 0.0]
concludeProduction 15 9076 1.290733672894445 3.1177967190739415
16 9076 newAPP 5.0 17.0 25.769506084467118 19.480040206647306
allowInformationToCentralPlanner 16 9076 [1.3123850389991252, 0.0, 0.0, 0.0] [662.1182098225385, 0.0, 0.0, 0.0]
requestGoodsToTheCentralPlanner 16 9076 [1.3123850389991252, 0.0, 0.0, 0.0] [662.1182098225385, 0.0, 0.0, 0.0]
concludeProduction 16 9076 1.3123850389991252 2.866838034908499
17 9076 newAPP 4.0 17.0 20.615604867573694 19.77554820738233
allowInformationToCentralPlanner 17 9076 [1.3322936364637672, 0.0, 0.0, 0.0] [628.9646879841392, 0.0, 0.0, 0.0]
requestGoodsToTheCentralPlanner 17 9076 [1.3322936364637672, 0.0, 0.0, 0.0] [628.9646879841392, 0.0, 0.0, 0.0]
concludeProduction 17 9076 1.3322936364637672 2.500673332623567
18 9076 newAPP 6.0 17.0 30.923407301360545 20.033312674023563
allowInformationToCentralPlanner 18 9076 [1.3496594234958756, 0.0, 0.0, 0.0] [596.2139473182532, 0.0, 0.0, 0.0]
requestGoodsToTheCentralPlanner 18 9076 [1.3496594234958756, 0.0, 0.0, 0.0] [596.2139473182532, 0.0, 0.0, 0.0]
concludeProduction 18 9076 1.3496594234958756 2.8422884599707237
19 9076 newAPP 3.0 17.0 15.461703650680272 20.326290153075668
allowInformationToCentralPlanner 19 9076 [1.369397537801228, 0.0, 0.0, 0.0] [623.0874300122855, 0.0, 0.0, 0.0]
requestGoodsToTheCentralPlanner 19 9076 [1.369397537801228, 0.0, 0.0, 0.0] [623.0874300122855, 0.0, 0.0, 0.0]
concludeProduction 19 9076 1.369397537801228 2.8663883746427548
20 9076 newAPP 4.0 17.0 20.615604867573694 20.621751803718876
allowInformationToCentralPlanner 20 9076 [1.3893030126251358, 0.0, 0.0, 0.0] [679.9344028001784, 0.0, 0.0, 0.0]
requestGoodsToTheCentralPlanner 20 9076 [1.3893030126251358, 0.0, 0.0, 0.0] [679.9344028001784, 0.0, 0.0, 0.0]
concludeProduction 20 9076 1.3893030126251358 3.251560466580047
21 9076 newAPP 4.0 17.0 20.615604867573694 20.956916232629066
allowInformationToCentralPlanner 21 9076 [1.411883293643053, 0.0, 0.0, 0.0] [706.3576862869402, 0.0, 0.0, 0.0]
requestGoodsToTheCentralPlanner 21 9076 [1.411883293643053, 0.0, 0.0, 0.0] [706.3576862869402, 0.0, 0.0, 0.0]
concludeProduction 21 9076 1.411883293643053 3.4848340349331974
22 9076 newAPP 2.0 17.0 10.307802433786847 21.316126040095345
allowInformationToCentralPlanner 22 9076 [1.4360835299967558, 0.0, 0.0, 0.0] [540.5243688485139, 0.0, 0.0, 0.0]
requestGoodsToTheCentralPlanner 22 9076 [1.4360835299967558, 0.0, 0.0, 0.0] [540.5243688485139, 0.0, 0.0, 0.0]
concludeProduction 22 9076 1.4360835299967558 2.4794072970218966
23 9076 newAPP 4.0 17.0 20.615604867573694 21.571698445801253
allowInformationToCentralPlanner 23 9076 [1.4533016362260742, 0.0, 0.0, 0.0] [561.7970208217897, 0.0, 0.0, 0.0]
requestGoodsToTheCentralPlanner 23 9076 [1.4533016362260742, 0.0, 0.0, 0.0] [561.7970208217897, 0.0, 0.0, 0.0]
concludeProduction 23 9076 1.4533016362260742 2.549570980170616
24 9076 newAPP 3.0 17.0 15.461703650680272 21.834503185346403
allowInformationToCentralPlanner 24 9076 [1.471006990255037, 0.0, 0.0, 0.0] [558.992492743602, 0.0, 0.0, 0.0]
requestGoodsToTheCentralPlanner 24 9076 [1.471006990255037, 0.0, 0.0, 0.0] [558.992492743602, 0.0, 0.0, 0.0]
concludeProduction 24 9076 1.471006990255037 2.537812368017155
25 9076 newAPP 3.0 17.0 15.461703650680272 22.096095870381816
allowInformationToCentralPlanner 25 9076 [1.4886306872551558, 0.0, 0.0, 0.0] [556.2008991387831, 0.0, 0.0, 0.0]
requestGoodsToTheCentralPlanner 25 9076 [1.4886306872551558, 0.0, 0.0, 0.0] [556.2008991387831, 0.0, 0.0, 0.0]
concludeProduction 25 9076 1.4886306872551558 2.5417511378941944
26 9076 newAPP 8.0 17.0 41.23120973514739 22.35809455603448
allowInformationToCentralPlanner 26 9076 [1.5062817368238657, 0.0, 0.0, 0.0] [505.4049728870997, 0.0, 0.0, 0.0]
requestGoodsToTheCentralPlanner 26 9076 [1.5062817368238657, 0.0, 0.0, 0.0] [505.4049728870997, 0.0, 0.0, 0.0]
concludeProduction 26 9076 1.5062817368238657 2.000240809402708
27 9076 newAPP 8.0 17.0 41.23120973514739 22.56427542686769
allowInformationToCentralPlanner 27 9076 [1.5201722980002734, 0.0, 0.0, 0.0] [659.2047079967566, 0.0, 0.0, 0.0]
requestGoodsToTheCentralPlanner 27 9076 [1.5201722980002734, 0.0, 0.0, 0.0] [659.2047079967566, 0.0, 0.0, 0.0]
concludeProduction 27 9076 1.5201722980002734 2.9857762575535083
28 9076 newAPP 5.0 17.0 25.769506084467118 22.87204334461122
allowInformationToCentralPlanner 28 9076 [1.5409068553443948, 0.0, 0.0, 0.0] [475.9203541134477, 0.0, 0.0, 0.0]
requestGoodsToTheCentralPlanner 28 9076 [1.5409068553443948, 0.0, 0.0, 0.0] [475.9203541134477, 0.0, 0.0, 0.0]
concludeProduction 28 9076 1.5409068553443948 1.8207734755786393
29 9076 newAPP 9.0 17.0 46.38511095204081 23.05972507724066
allowInformationToCentralPlanner 29 9076 [1.553551115591469, 0.0, 0.0, 0.0] [623.9175032903113, 0.0, 0.0, 0.0]
requestGoodsToTheCentralPlanner 29 9076 [1.553551115591469, 0.0, 0.0, 0.0] [623.9175032903113, 0.0, 0.0, 0.0]
concludeProduction 29 9076 1.553551115591469 2.81853012759994
30 9076 newAPP 3.0 17.0 15.461703650680272 23.35025359433042
allowInformationToCentralPlanner 30 9076 [1.5731242414775792, 0.0, 0.0, 0.0] [620.8171201499513, 0.0, 0.0, 0.0]
requestGoodsToTheCentralPlanner 30 9076 [1.5731242414775792, 0.0, 0.0, 0.0] [620.8171201499513, 0.0, 0.0, 0.0]
concludeProduction 30 9076 1.5731242414775792 3.382875078478552
31 9076 newAPP 5.0 17.0 25.769506084467118 23.698953674001803
allowInformationToCentralPlanner 31 9076 [1.5966164295225693, 0.0, 0.0, 0.0] [647.0959575636249, 0.0, 0.0, 0.0]
requestGoodsToTheCentralPlanner 31 9076 [1.5966164295225693, 0.0, 0.0, 0.0] [647.0959575636249, 0.0, 0.0, 0.0]
concludeProduction 31 9076 1.5966164295225693 3.214872023783502
32 9076 newAPP 6.0 17.0 30.923407301360545 24.03033633071249
allowInformationToCentralPlanner 32 9076 [1.6189419296877325, 0.0, 0.0, 0.0] [613.559598337463, 0.0, 0.0, 0.0]
requestGoodsToTheCentralPlanner 32 9076 [1.6189419296877325, 0.0, 0.0, 0.0] [613.559598337463, 0.0, 0.0, 0.0]
concludeProduction 32 9076 1.6189419296877325 2.9095599721937386
33 9076 newAPP 5.0 17.0 25.769506084467118 24.330248024338765
allowInformationToCentralPlanner 33 9076 [1.6391472072724114, 0.0, 0.0, 0.0] [820.3590823680502, 0.0, 0.0, 0.0]
requestGoodsToTheCentralPlanner 33 9076 [1.6391472072724114, 0.0, 0.0, 0.0] [820.3590823680502, 0.0, 0.0, 0.0]
concludeProduction 33 9076 1.6391472072724114 4.45982126135939
34 9076 newAPP 2.0 17.0 10.307802433786847 24.78995758885971
allowInformationToCentralPlanner 34 9076 [1.6701181882540737, 0.0, 0.0, 0.0] [665.4532789805546, 0.0, 0.0, 0.0]
requestGoodsToTheCentralPlanner 34 9076 [1.6701181882540737, 0.0, 0.0, 0.0] [665.4532789805546, 0.0, 0.0, 0.0]
concludeProduction 34 9076 1.6701181882540737 3.459328149912247
35 9076 newAPP 7.0 17.0 36.077308518253965 25.146538300089038
allowInformationToCentralPlanner 35 9076 [1.6941413004062418, 0.0, 0.0, 0.0] [775.6480180156512, 0.0, 0.0, 0.0]
requestGoodsToTheCentralPlanner 35 9076 [1.6941413004062418, 0.0, 0.0, 0.0] [775.6480180156512, 0.0, 0.0, 0.0]
concludeProduction 35 9076 1.6941413004062418 3.81616463569418
36 9076 newAPP 8.0 17.0 41.23120973514739 25.539901011284435
allowInformationToCentralPlanner 36 9076 [1.7206424437096737, 0.0, 0.0, 0.0] [771.4502369163877, 0.0, 0.0, 0.0]
requestGoodsToTheCentralPlanner 36 9076 [1.7206424437096737, 0.0, 0.0, 0.0] [771.4502369163877, 0.0, 0.0, 0.0]
concludeProduction 36 9076 1.7206424437096737 3.8672190413802956
37 9076 newAPP 6.0 17.0 30.923407301360545 25.9385263097517
allowInformationToCentralPlanner 37 9076 [1.747498131497037, 0.0, 0.0, 0.0] [803.1962959708694, 0.0, 0.0, 0.0]
requestGoodsToTheCentralPlanner 37 9076 [1.747498131497037, 0.0, 0.0, 0.0] [803.1962959708694, 0.0, 0.0, 0.0]
concludeProduction 37 9076 1.747498131497037 4.350262188576249
38 9076 newAPP 2.0 17.0 10.307802433786847 26.386942741501873
allowInformationToCentralPlanner 38 9076 [1.777708285584372, 0.0, 0.0, 0.0] [648.4110075634353, 0.0, 0.0, 0.0]
requestGoodsToTheCentralPlanner 38 9076 [1.777708285584372, 0.0, 0.0, 0.0] [648.4110075634353, 0.0, 0.0, 0.0]
concludeProduction 38 9076 1.777708285584372 3.6603854078530134
39 9076 newAPP 5.0 17.0 25.769506084467118 26.764248037658525
allowInformationToCentralPlanner 39 9076 [1.8031276286944624, 0.0, 0.0, 0.0] [704.3845836147973, 0.0, 0.0, 0.0]
requestGoodsToTheCentralPlanner 39 9076 [1.8031276286944624, 0.0, 0.0, 0.0] [704.3845836147973, 0.0, 0.0, 0.0]
concludeProduction 39 9076 1.8031276286944624 3.055689551705721
40 9076 newAPP 4.0 17.0 20.615604867573694 27.07922247963822
allowInformationToCentralPlanner 40 9076 [1.8243476950257522, 0.0, 0.0, 0.0] [701.0233251079209, 0.0, 0.0, 0.0]
requestGoodsToTheCentralPlanner 40 9076 [1.8243476950257522, 0.0, 0.0, 0.0] [701.0233251079209, 0.0, 0.0, 0.0]
concludeProduction 40 9076 1.8243476950257522 3.7490497049012
41 9076 newAPP 5.0 18.0 25.769506084467118 27.465667116363903
allowInformationToCentralPlanner 41 9076 [1.8503827624208995, 0.0, 0.0, 0.0] [666.8993704325295, 0.0, 0.0, 0.0]
requestGoodsToTheCentralPlanner 41 9076 [1.8503827624208995, 0.0, 0.0, 0.0] [666.8993704325295, 0.0, 0.0, 0.0]
concludeProduction 41 9076 1.8503827624208995 3.5090029455883576
42 9076 newAPP 5.0 18.0 25.769506084467118 27.827368207390915
allowInformationToCentralPlanner 42 9076 [1.8747508384319298, 0.0, 0.0, 0.0] [693.0394671923824, 0.0, 0.0, 0.0]
requestGoodsToTheCentralPlanner 42 9076 [1.8747508384319298, 0.0, 0.0, 0.0] [693.0394671923824, 0.0, 0.0, 0.0]
concludeProduction 42 9076 1.8747508384319298 3.599266861161613
43 9076 newAPP 2.0 18.0 10.307802433786847 28.198373524504216
allowInformationToCentralPlanner 43 9076 [1.8997457471899968, 0.0, 0.0, 0.0] [689.0802736451045, 0.0, 0.0, 0.0]
requestGoodsToTheCentralPlanner 43 9076 [1.8997457471899968, 0.0, 0.0, 0.0] [689.0802736451045, 0.0, 0.0, 0.0]
concludeProduction 43 9076 1.8997457471899968 2.9549801235626805
44 9076 newAPP 5.0 18.0 25.769506084467118 28.502967037598726
allowInformationToCentralPlanner 44 9076 [1.920266442492515, 0.0, 0.0, 0.0] [685.8297955091856, 0.0, 0.0, 0.0]
requestGoodsToTheCentralPlanner 44 9076 [1.920266442492515, 0.0, 0.0, 0.0] [685.8297955091856, 0.0, 0.0, 0.0]
concludeProduction 44 9076 1.920266442492515 4.017330040263499
45 9076 newAPP 9.0 18.0 46.38511095204081 28.917065481262256
allowInformationToCentralPlanner 45 9076 [1.9481645677721229, 0.0, 0.0, 0.0] [681.4107324648959, 0.0, 0.0, 0.0]
requestGoodsToTheCentralPlanner 45 9076 [1.9481645677721229, 0.0, 0.0, 0.0] [681.4107324648959, 0.0, 0.0, 0.0]
concludeProduction 45 9076 1.9481645677721229 3.2066053100944245
46 9076 newAPP 7.0 18.0 36.077308518253965 29.247596021458108
allowInformationToCentralPlanner 46 9076 [1.9704326602033342, 0.0, 0.0, 0.0] [677.883466623792, 0.0, 0.0, 0.0]
requestGoodsToTheCentralPlanner 46 9076 [1.9704326602033342, 0.0, 0.0, 0.0] [677.883466623792, 0.0, 0.0, 0.0]
concludeProduction 46 9076 1.9704326602033342 3.5105424322689753
47 9076 newAPP 3.0 18.0 15.461703650680272 29.609455799730647
allowInformationToCentralPlanner 47 9076 [1.9948114270940909, 0.0, 0.0, 0.0] [704.0218699482958, 0.0, 0.0, 0.0]
requestGoodsToTheCentralPlanner 47 9076 [1.9948114270940909, 0.0, 0.0, 0.0] [704.0218699482958, 0.0, 0.0, 0.0]
concludeProduction 47 9076 1.9948114270940909 3.5218137449316282
48 9076 newAPP 4.0 18.0 20.615604867573694 29.97247740264415
allowInformationToCentralPlanner 48 9076 [2.019268466989449, 0.0, 0.0, 0.0] [700.1478748288712, 0.0, 0.0, 0.0]
requestGoodsToTheCentralPlanner 48 9076 [2.019268466989449, 0.0, 0.0, 0.0] [700.1478748288712, 0.0, 0.0, 0.0]
concludeProduction 48 9076 2.019268466989449 3.5289403809100737
49 9076 newAPP 3.0 18.0 15.461703650680272 30.336233605114483
allowInformationToCentralPlanner 49 9076 [2.0437749974124357, 0.0, 0.0, 0.0] [666.2660404098702, 0.0, 0.0, 0.0]
requestGoodsToTheCentralPlanner 49 9076 [2.0437749974124357, 0.0, 0.0, 0.0] [666.2660404098702, 0.0, 0.0, 0.0]
concludeProduction 49 9076 2.0437749974124357 3.2294492536239248
50 9076 newAPP 3.0 18.0 15.461703650680272 30.669118853877443
allowInformationToCentralPlanner 50 9076 [2.06620172834038, 0.0, 0.0, 0.0] [662.7136462308839, 0.0, 0.0, 0.0]
requestGoodsToTheCentralPlanner 50 9076 [2.06620172834038, 0.0, 0.0, 0.0] [662.7136462308839, 0.0, 0.0, 0.0]
concludeProduction 50 9076 2.06620172834038 3.402068384004003
51 9076 newAPP 9.0 18.0 46.38511095204081 31.0197973415629
allowInformationToCentralPlanner 51 9076 [2.0898272032292966, 0.0, 0.0, 0.0] [628.9713710084794, 0.0, 0.0, 0.0]
requestGoodsToTheCentralPlanner 51 9076 [2.0898272032292966, 0.0, 0.0, 0.0] [628.9713710084794, 0.0, 0.0, 0.0]
concludeProduction 51 9076 2.0898272032292966 3.02364447372176
52 9076 newAPP 3.0 18.0 15.461703650680272 31.331468640214254
allowInformationToCentralPlanner 52 9076 [2.1108247342968087, 0.0, 0.0, 0.0] [655.6453620873856, 0.0, 0.0, 0.0]
requestGoodsToTheCentralPlanner 52 9076 [2.1108247342968087, 0.0, 0.0, 0.0] [655.6453620873856, 0.0, 0.0, 0.0]
concludeProduction 52 9076 2.1108247342968087 3.3643258965098615
53 9076 newAPP 6.0 18.0 30.923407301360545 31.67825670685522
allowInformationToCentralPlanner 53 9076 [2.1341881085781274, 0.0, 0.0, 0.0] [621.9446036012246, 0.0, 0.0, 0.0]
requestGoodsToTheCentralPlanner 53 9076 [2.1341881085781274, 0.0, 0.0, 0.0] [621.9446036012246, 0.0, 0.0, 0.0]
concludeProduction 53 9076 2.1341881085781274 2.744578770992232
54 9076 newAPP 5.0 18.0 25.769506084467118 31.961162464208755
allowInformationToCentralPlanner 54 9076 [2.1532476833766845, 0.0, 0.0, 0.0] [588.9255669531329, 0.0, 0.0, 0.0]
requestGoodsToTheCentralPlanner 54 9076 [2.1532476833766845, 0.0, 0.0, 0.0] [588.9255669531329, 0.0, 0.0, 0.0]
concludeProduction 54 9076 2.1532476833766845 2.7199227334383833
55 9076 newAPP 8.0 18.0 41.23120973514739 32.24152672592324
allowInformationToCentralPlanner 55 9076 [2.172136035692229, 0.0, 0.0, 0.0] [585.9336519463508, 0.0, 0.0, 0.0]
requestGoodsToTheCentralPlanner 55 9076 [2.172136035692229, 0.0, 0.0, 0.0] [585.9336519463508, 0.0, 0.0, 0.0]
concludeProduction 55 9076 2.172136035692229 2.903375501112305
56 9076 newAPP 6.0 18.0 30.923407301360545 32.540800936488864
allowInformationToCentralPlanner 56 9076 [2.192298365561064, 0.0, 0.0, 0.0] [582.7399388951272, 0.0, 0.0, 0.0]
requestGoodsToTheCentralPlanner 56 9076 [2.192298365561064, 0.0, 0.0, 0.0] [582.7399388951272, 0.0, 0.0, 0.0]
concludeProduction 56 9076 2.192298365561064 2.5335499886405657
57 9076 newAPP 6.0 18.0 30.923407301360545 32.80195426387917
allowInformationToCentralPlanner 57 9076 [2.209892462704402, 0.0, 0.0, 0.0] [549.9530339076226, 0.0, 0.0, 0.0]
requestGoodsToTheCentralPlanner 57 9076 [2.209892462704402, 0.0, 0.0, 0.0] [549.9530339076226, 0.0, 0.0, 0.0]
concludeProduction 57 9076 2.209892462704402 2.132169326652055
58 9076 newAPP 5.0 18.0 25.769506084467118 33.021734065624265
allowInformationToCentralPlanner 58 9076 [2.2246991941394856, 0.0, 0.0, 0.0] [727.6076476483054, 0.0, 0.0, 0.0]
requestGoodsToTheCentralPlanner 58 9076 [2.2246991941394856, 0.0, 0.0, 0.0] [727.6076476483054, 0.0, 0.0, 0.0]
concludeProduction 58 9076 2.2246991941394856 3.8596491116564375
59 9076 newAPP 2.0 18.0 10.307802433786847 33.41957907069122
allowInformationToCentralPlanner 59 9076 [2.251502312970433, 0.0, 0.0, 0.0] [543.3620336254834, 0.0, 0.0, 0.0]
requestGoodsToTheCentralPlanner 59 9076 [2.251502312970433, 0.0, 0.0, 0.0] [543.3620336254834, 0.0, 0.0, 0.0]
concludeProduction 59 9076 2.251502312970433 2.6269195687816254
60 9076 newAPP 7.0 18.0 36.077308518253965 33.69035674993572
allowInformationToCentralPlanner 60 9076 [2.2697448099758613, 0.0, 0.0, 0.0] [648.4724220998233, 0.0, 0.0, 0.0]
requestGoodsToTheCentralPlanner 60 9076 [2.2697448099758613, 0.0, 0.0, 0.0] [648.4724220998233, 0.0, 0.0, 0.0]
concludeProduction 60 9076 2.2697448099758613 3.182536996498133
61 9076 newAPP 5.0 19.0 25.769506084467118 34.01840637591692
allowInformationToCentralPlanner 61 9076 [2.2918457613404315, 0.0, 0.0, 0.0] [506.97163140367553, 0.0, 0.0, 0.0]
requestGoodsToTheCentralPlanner 61 9076 [2.2918457613404315, 0.0, 0.0, 0.0] [506.97163140367553, 0.0, 0.0, 0.0]
concludeProduction 61 9076 2.2918457613404315 1.9588955681436935
62 9076 newAPP 4.0 19.0 20.615604867573694 34.22032546096538
allowInformationToCentralPlanner 62 9076 [2.3054492027858737, 0.0, 0.0, 0.0] [678.8168462787175, 0.0, 0.0, 0.0]
requestGoodsToTheCentralPlanner 62 9076 [2.3054492027858737, 0.0, 0.0, 0.0] [678.8168462787175, 0.0, 0.0, 0.0]
concludeProduction 62 9076 2.3054492027858737 3.459177213915642
63 9076 newAPP 5.0 19.0 25.769506084467118 34.576890614010374
allowInformationToCentralPlanner 63 9076 [2.329471266771399, 0.0, 0.0, 0.0] [501.01175134341025, 0.0, 0.0, 0.0]
requestGoodsToTheCentralPlanner 63 9076 [2.329471266771399, 0.0, 0.0, 0.0] [501.01175134341025, 0.0, 0.0, 0.0]
concludeProduction 63 9076 2.329471266771399 1.9231195253614604
64 9076 newAPP 6.0 19.0 30.923407301360545 34.77512197525021
allowInformationToCentralPlanner 64 9076 [2.342826263475298, 0.0, 0.0, 0.0] [672.8963198655127, 0.0, 0.0, 0.0]
requestGoodsToTheCentralPlanner 64 9076 [2.342826263475298, 0.0, 0.0, 0.0] [672.8963198655127, 0.0, 0.0, 0.0]
concludeProduction 64 9076 2.342826263475298 3.4054312415170847
65 9076 newAPP 6.0 19.0 30.923407301360545 35.12614709964424
allowInformationToCentralPlanner 65 9076 [2.3664750915413886, 0.0, 0.0, 0.0] [525.150345499844, 0.0, 0.0, 0.0]
requestGoodsToTheCentralPlanner 65 9076 [2.3664750915413886, 0.0, 0.0, 0.0] [525.150345499844, 0.0, 0.0, 0.0]
concludeProduction 65 9076 2.3664750915413886 2.1850489968807776
66 9076 newAPP 3.0 19.0 15.461703650680272 35.351377633324155
allowInformationToCentralPlanner 66 9076 [2.3816490429086166, 0.0, 0.0, 0.0] [552.7467916032749, 0.0, 0.0, 0.0]
requestGoodsToTheCentralPlanner 66 9076 [2.3816490429086166, 0.0, 0.0, 0.0] [552.7467916032749, 0.0, 0.0, 0.0]
concludeProduction 66 9076 2.3816490429086166 2.0715496093028216
67 9076 newAPP 8.0 19.0 41.23120973514739 35.56490887436897
allowInformationToCentralPlanner 67 9076 [2.39603480408433, 0.0, 0.0, 0.0] [520.468087033042, 0.0, 0.0, 0.0]
requestGoodsToTheCentralPlanner 67 9076 [2.39603480408433, 0.0, 0.0, 0.0] [520.468087033042, 0.0, 0.0, 0.0]
concludeProduction 67 9076 2.39603480408433 2.1955491724417717
68 9076 newAPP 3.0 19.0 15.461703650680272 35.79122174540091
allowInformationToCentralPlanner 68 9076 [2.411281673337398, 0.0, 0.0, 0.0] [458.0529829433561, 0.0, 0.0, 0.0]
requestGoodsToTheCentralPlanner 68 9076 [2.411281673337398, 0.0, 0.0, 0.0] [458.0529829433561, 0.0, 0.0, 0.0]
concludeProduction 68 9076 2.411281673337398 1.5212751567299572
69 9076 newAPP 3.0 19.0 15.461703650680272 35.94803178303091
allowInformationToCentralPlanner 69 9076 [2.4218460841480227, 0.0, 0.0, 0.0] [486.37958027095306, 0.0, 0.0, 0.0]
requestGoodsToTheCentralPlanner 69 9076 [2.4218460841480227, 0.0, 0.0, 0.0] [486.37958027095306, 0.0, 0.0, 0.0]
concludeProduction 69 9076 2.4218460841480227 1.5739186917363468
70 9076 newAPP 2.0 19.0 10.307802433786847 36.11026821224354
allowInformationToCentralPlanner 70 9076 [2.432776075062858, 0.0, 0.0, 0.0] [544.648269710043, 0.0, 0.0, 0.0]
requestGoodsToTheCentralPlanner 70 9076 [2.432776075062858, 0.0, 0.0, 0.0] [544.648269710043, 0.0, 0.0, 0.0]
concludeProduction 70 9076 2.432776075062858 2.3050811281112273
71 9076 newAPP 4.0 19.0 20.615604867573694 36.34787142086775
allowInformationToCentralPlanner 71 9076 [2.448783582896964, 0.0, 0.0, 0.0] [542.1126804691207, 0.0, 0.0, 0.0]
requestGoodsToTheCentralPlanner 71 9076 [2.448783582896964, 0.0, 0.0, 0.0] [542.1126804691207, 0.0, 0.0, 0.0]
concludeProduction 71 9076 2.448783582896964 2.2882890990484688
72 9076 newAPP 3.0 19.0 15.461703650680272 36.58374374031154
allowInformationToCentralPlanner 72 9076 [2.4646744794181337, 0.0, 0.0, 0.0] [509.59556246016757, 0.0, 0.0, 0.0]
requestGoodsToTheCentralPlanner 72 9076 [2.4646744794181337, 0.0, 0.0, 0.0] [509.59556246016757, 0.0, 0.0, 0.0]
concludeProduction 72 9076 2.4646744794181337 1.9412209725457097
73 9076 newAPP 2.0 19.0 10.307802433786847 36.78384096296479
allowInformationToCentralPlanner 73 9076 [2.4781551806163677, 0.0, 0.0, 0.0] [327.4602193903672, 0.0, 0.0, 0.0]
requestGoodsToTheCentralPlanner 73 9076 [2.4781551806163677, 0.0, 0.0, 0.0] [327.4602193903672, 0.0, 0.0, 0.0]
concludeProduction 73 9076 2.4781551806163677 0.117985864291545
74 9076 newAPP 6.0 19.0 30.923407301360545 36.79600271275576
allowInformationToCentralPlanner 74 9076 [2.4789745268961703, 0.0, 0.0, 0.0] [303.3304349396465, 0.0, 0.0, 0.0]
requestGoodsToTheCentralPlanner 74 9076 [2.4789745268961703, 0.0, 0.0, 0.0] [303.3304349396465, 0.0, 0.0, 0.0]
concludeProduction 74 9076 2.4789745268961703 0.18808032777244055
75 9076 newAPP 3.0 19.0 15.461703650680272 36.815389661359355
allowInformationToCentralPlanner 75 9076 [2.4802806402834787, 0.0, 0.0, 0.0] [327.1235465790968, 0.0, 0.0, 0.0]
requestGoodsToTheCentralPlanner 75 9076 [2.4802806402834787, 0.0, 0.0, 0.0] [327.1235465790968, 0.0, 0.0, 0.0]
concludeProduction 75 9076 2.4802806402834787 0.30022593383950547
76 9076 newAPP 6.0 19.0 30.923407301360545 36.84633635747452
allowInformationToCentralPlanner 76 9076 [2.4823655426018085, 0.0, 0.0, 0.0] [302.79329805187353, 0.0, 0.0, 0.0]
requestGoodsToTheCentralPlanner 76 9076 [2.4823655426018085, 0.0, 0.0, 0.0] [302.79329805187353, 0.0, 0.0, 0.0]
concludeProduction 76 9076 2.4823655426018085 0.2891516386083901
77 9076 newAPP 7.0 19.0 36.077308518253965 36.87614153711633
allowInformationToCentralPlanner 77 9076 [2.4843735400921445, 0.0, 0.0, 0.0] [302.47523124940426, 0.0, 0.0, 0.0]
requestGoodsToTheCentralPlanner 77 9076 [2.4843735400921445, 0.0, 0.0, 0.0] [302.47523124940426, 0.0, 0.0, 0.0]
concludeProduction 77 9076 2.4843735400921445 0.0868017443697493
78 9076 newAPP 3.0 19.0 15.461703650680272 36.885088889435046
allowInformationToCentralPlanner 78 9076 [2.484976329983601, 0.0, 0.0, 0.0] [326.3797493305974, 0.0, 0.0, 0.0]
requestGoodsToTheCentralPlanner 78 9076 [2.484976329983601, 0.0, 0.0, 0.0] [326.3797493305974, 0.0, 0.0, 0.0]
concludeProduction 78 9076 2.484976329983601 0.09684143624385966
79 9076 newAPP 6.0 19.0 30.923407301360545 36.895071113357105
allowInformationToCentralPlanner 79 9076 [2.4856488399575167, 0.0, 0.0, 0.0] [302.27322375072924, 0.0, 0.0, 0.0]
requestGoodsToTheCentralPlanner 79 9076 [2.4856488399575167, 0.0, 0.0, 0.0] [302.27322375072924, 0.0, 0.0, 0.0]
concludeProduction 79 9076 2.4856488399575167 0.1559236566142208
80 9076 newAPP 4.0 19.0 20.615604867573694 36.91114341582844
allowInformationToCentralPlanner 80 9076 [2.4867316431284494, 0.0, 0.0, 0.0] [302.10170772845356, 0.0, 0.0, 0.0]
requestGoodsToTheCentralPlanner 80 9076 [2.4867316431284494, 0.0, 0.0, 0.0] [302.10170772845356, 0.0, 0.0, 0.0]
concludeProduction 80 9076 2.4867316431284494 0.22288622472704533
81 9076 newAPP 4.0 16.0 20.615604867573694 36.934118087525434
allowInformationToCentralPlanner 81 9076 [2.488279464133498, 0.0, 0.0, 0.0] [325.8565328812537, 0.0, 0.0, 0.0]
requestGoodsToTheCentralPlanner 81 9076 [2.488279464133498, 0.0, 0.0, 0.0] [325.8565328812537, 0.0, 0.0, 0.0]
concludeProduction 81 9076 2.488279464133498 0.4261369923299201
82 9076 newAPP 2.0 16.0 10.307802433786847 36.97804344679208
allowInformationToCentralPlanner 82 9076 [2.4912387488024557, 0.0, 0.0, 0.0] [349.387782189691, 0.0, 0.0, 0.0]
requestGoodsToTheCentralPlanner 82 9076 [2.4912387488024557, 0.0, 0.0, 0.0] [349.387782189691, 0.0, 0.0, 0.0]
concludeProduction 82 9076 2.4912387488024557 0.6004884623429092
83 9076 newAPP 6.0 16.0 30.923407301360545 37.039940611128074
allowInformationToCentralPlanner 83 9076 [2.495408807568726, 0.0, 0.0, 0.0] [534.7272448811136, 0.0, 0.0, 0.0]
requestGoodsToTheCentralPlanner 83 9076 [2.495408807568726, 0.0, 0.0, 0.0] [534.7272448811136, 0.0, 0.0, 0.0]
concludeProduction 83 9076 2.495408807568726 1.9874285779962726
84 9076 newAPP 6.0 16.0 30.923407301360545 37.24480082246055
allowInformationToCentralPlanner 84 9076 [2.5092103949159226, 0.0, 0.0, 0.0] [532.5410734453177, 0.0, 0.0, 0.0]
requestGoodsToTheCentralPlanner 84 9076 [2.5092103949159226, 0.0, 0.0, 0.0] [532.5410734453177, 0.0, 0.0, 0.0]
concludeProduction 84 9076 2.5092103949159226 2.2753257242637384
85 9076 newAPP 6.0 16.0 30.923407301360545 37.47933690284278
allowInformationToCentralPlanner 85 9076 [2.525011268001087, 0.0, 0.0, 0.0] [500.03821514862767, 0.0, 0.0, 0.0]
requestGoodsToTheCentralPlanner 85 9076 [2.525011268001087, 0.0, 0.0, 0.0] [500.03821514862767, 0.0, 0.0, 0.0]
concludeProduction 85 9076 2.525011268001087 1.903757352999591
86 9076 newAPP 2.0 16.0 10.307802433786847 37.67557244960867
allowInformationToCentralPlanner 86 9076 [2.538231805174696, 0.0, 0.0, 0.0] [557.9440820603282, 0.0, 0.0, 0.0]
requestGoodsToTheCentralPlanner 86 9076 [2.538231805174696, 0.0, 0.0, 0.0] [557.9440820603282, 0.0, 0.0, 0.0]
concludeProduction 86 9076 2.538231805174696 2.11430738836709
87 9076 newAPP 3.0 16.0 15.461703650680272 37.89351107804451
allowInformationToCentralPlanner 87 9076 [2.5529144953716894, 0.0, 0.0, 0.0] [411.6183439331243, 0.0, 0.0, 0.0]
requestGoodsToTheCentralPlanner 87 9076 [2.5529144953716894, 0.0, 0.0, 0.0] [411.6183439331243, 0.0, 0.0, 0.0]
concludeProduction 87 9076 2.5529144953716894 0.9366173393918906
88 9076 newAPP 6.0 16.0 30.923407301360545 37.99005574294962
allowInformationToCentralPlanner 88 9076 [2.5594187824508, 0.0, 0.0, 0.0] [584.5880648597933, 0.0, 0.0, 0.0]
requestGoodsToTheCentralPlanner 88 9076 [2.5594187824508, 0.0, 0.0, 0.0] [584.5880648597933, 0.0, 0.0, 0.0]
concludeProduction 88 9076 2.5594187824508 2.814257737312217
89 9076 newAPP 4.0 16.0 20.615604867573694 38.280143870489326
allowInformationToCentralPlanner 89 9076 [2.5789622389599125, 0.0, 0.0, 0.0] [383.49238134874975, 0.0, 0.0, 0.0]
requestGoodsToTheCentralPlanner 89 9076 [2.5789622389599125, 0.0, 0.0, 0.0] [383.49238134874975, 0.0, 0.0, 0.0]
concludeProduction 89 9076 2.5789622389599125 0.7662087782272411
90 9076 newAPP 9.0 16.0 46.38511095204081 38.35912315757932
allowInformationToCentralPlanner 90 9076 [2.5842831332531575, 0.0, 0.0, 0.0] [520.6495516926997, 0.0, 0.0, 0.0]
requestGoodsToTheCentralPlanner 90 9076 [2.5842831332531575, 0.0, 0.0, 0.0] [520.6495516926997, 0.0, 0.0, 0.0]
concludeProduction 90 9076 2.5842831332531575 1.9136854744506624
91 9076 newAPP 2.0 17.0 10.307802433786847 38.55638207548977
allowInformationToCentralPlanner 91 9076 [2.59757261571462, 0.0, 0.0, 0.0] [518.544497670804, 0.0, 0.0, 0.0]
requestGoodsToTheCentralPlanner 91 9076 [2.59757261571462, 0.0, 0.0, 0.0] [518.544497670804, 0.0, 0.0, 0.0]
concludeProduction 91 9076 2.59757261571462 1.7459035720349778
92 9076 newAPP 2.0 17.0 10.307802433786847 38.736346366379564
allowInformationToCentralPlanner 92 9076 [2.609696946075974, 0.0, 0.0, 0.0] [516.6240037415655, 0.0, 0.0, 0.0]
requestGoodsToTheCentralPlanner 92 9076 [2.609696946075974, 0.0, 0.0, 0.0] [516.6240037415655, 0.0, 0.0, 0.0]
concludeProduction 92 9076 2.609696946075974 2.0303219891446775
93 9076 newAPP 2.0 17.0 10.307802433786847 38.94562794579033
allowInformationToCentralPlanner 93 9076 [2.6237964043339237, 0.0, 0.0, 0.0] [352.39064955350653, 0.0, 0.0, 0.0]
requestGoodsToTheCentralPlanner 93 9076 [2.6237964043339237, 0.0, 0.0, 0.0] [352.39064955350653, 0.0, 0.0, 0.0]
concludeProduction 93 9076 2.6237964043339237 0.5215037014658028
94 9076 newAPP 3.0 17.0 15.461703650680272 38.99938351702231
allowInformationToCentralPlanner 94 9076 [2.627417957816325, 0.0, 0.0, 0.0] [375.8169954818941, 0.0, 0.0, 0.0]
requestGoodsToTheCentralPlanner 94 9076 [2.627417957816325, 0.0, 0.0, 0.0] [375.8169954818941, 0.0, 0.0, 0.0]
concludeProduction 94 9076 2.627417957816325 0.7506652040727153
95 9076 newAPP 6.0 17.0 30.923407301360545 39.07676060319731
allowInformationToCentralPlanner 95 9076 [2.6326309106223853, 0.0, 0.0, 0.0] [374.99126375741406, 0.0, 0.0, 0.0]
requestGoodsToTheCentralPlanner 95 9076 [2.6326309106223853, 0.0, 0.0, 0.0] [374.99126375741406, 0.0, 0.0, 0.0]
concludeProduction 95 9076 2.6326309106223853 0.38213873583035074
96 9076 newAPP 3.0 17.0 15.461703650680272 39.116150709109675
allowInformationToCentralPlanner 96 9076 [2.63528465184343, 0.0, 0.0, 0.0] [326.57091114800073, 0.0, 0.0, 0.0]
requestGoodsToTheCentralPlanner 96 9076 [2.63528465184343, 0.0, 0.0, 0.0] [326.57091114800073, 0.0, 0.0, 0.0]
concludeProduction 96 9076 2.63528465184343 0.09713781930721677
97 9076 newAPP 2.0 17.0 10.307802433786847 39.12616348361235
allowInformationToCentralPlanner 97 9076 [2.635959220033063, 0.0, 0.0, 0.0] [302.4640595467626, 0.0, 0.0, 0.0]
requestGoodsToTheCentralPlanner 97 9076 [2.635959220033063, 0.0, 0.0, 0.0] [302.4640595467626, 0.0, 0.0, 0.0]
concludeProduction 97 9076 2.635959220033063 0.14116042546258667
98 9076 newAPP 4.0 17.0 20.615604867573694 39.14071402138373
allowInformationToCentralPlanner 98 9076 [2.636939500765442, 0.0, 0.0, 0.0] [326.30878307875395, 0.0, 0.0, 0.0]
requestGoodsToTheCentralPlanner 98 9076 [2.636939500765442, 0.0, 0.0, 0.0] [326.30878307875395, 0.0, 0.0, 0.0]
concludeProduction 98 9076 2.636939500765442 0.20794748787172823
99 9076 newAPP 2.0 17.0 10.307802433786847 39.162148837599574
allowInformationToCentralPlanner 99 9076 [2.63838358054233, 0.0, 0.0, 0.0] [158.0800408420951, 0.0, 0.0, 0.0]
requestGoodsToTheCentralPlanner 99 9076 [2.63838358054233, 0.0, 0.0, 0.0] [158.0800408420951, 0.0, 0.0, 0.0]
concludeProduction 99 9076 1.3792205170630818 0.0
100 9076 newAPP 3.0 17.0 15.461703650680272 39.03235679669692
allowInformationToCentralPlanner 100 9076 [2.6296393926015016, 0.0, 0.0, 0.0] [195.46512021192206, 0.0, 0.0, 0.0]
requestGoodsToTheCentralPlanner 100 9076 [2.6296393926015016, 0.0, 0.0, 0.0] [195.46512021192206, 0.0, 0.0, 0.0]
concludeProduction 100 9076 1.7050865309857397 0.0
101 9076 newAPP 4.0 14.0 20.615604867573694 38.93705571432564
allowInformationToCentralPlanner 101 9076 [2.6232188866180586, 0.0, 0.0, 0.0] [160.4821283596996, 0.0, 0.0, 0.0]
requestGoodsToTheCentralPlanner 101 9076 [2.6232188866180586, 0.0, 0.0, 0.0] [160.4821283596996, 0.0, 0.0, 0.0]
concludeProduction 101 9076 1.442641199623129 0.0
102 9076 newAPP 6.0 14.0 30.923407301360545 38.815364098772825
allowInformationToCentralPlanner 102 9076 [2.6150204304583715, 0.0, 0.0, 0.0] [143.78076381539395, 0.0, 0.0, 0.0]
requestGoodsToTheCentralPlanner 102 9076 [2.6150204304583715, 0.0, 0.0, 0.0] [143.78076381539395, 0.0, 0.0, 0.0]
concludeProduction 102 9076 1.2818832965892033 0.0
103 9076 newAPP 8.0 14.0 41.23120973514739 38.67794695684215
allowInformationToCentralPlanner 103 9076 [2.6057625336953913, 0.0, 0.0, 0.0] [283.2472146626499, 0.0, 0.0, 0.0]
requestGoodsToTheCentralPlanner 103 9076 [2.6057625336953913, 0.0, 0.0, 0.0] [283.2472146626499, 0.0, 0.0, 0.0]
concludeProduction 103 9076 2.535780849197221 0.0
104 9076 newAPP 8.0 14.0 41.23120973514739 38.67073338306424
allowInformationToCentralPlanner 104 9076 [2.605276549775265, 0.0, 0.0, 0.0] [259.3241945155981, 0.0, 0.0, 0.0]
requestGoodsToTheCentralPlanner 104 9076 [2.605276549775265, 0.0, 0.0, 0.0] [259.3241945155981, 0.0, 0.0, 0.0]
concludeProduction 104 9076 2.305251212005204 0.0
105 9076 newAPP 4.0 14.0 20.615604867573694 38.6398073639956
allowInformationToCentralPlanner 105 9076 [2.6031930404851953, 0.0, 0.0, 0.0] [235.6542223871451, 0.0, 0.0, 0.0]
requestGoodsToTheCentralPlanner 105 9076 [2.6031930404851953, 0.0, 0.0, 0.0] [235.6542223871451, 0.0, 0.0, 0.0]
concludeProduction 105 9076 2.0415786883566787 0.0
106 9076 newAPP 4.0 14.0 20.615604867573694 38.581917266138404
allowInformationToCentralPlanner 106 9076 [2.5992929408176364, 0.0, 0.0, 0.0] [260.27199817448644, 0.0, 0.0, 0.0]
requestGoodsToTheCentralPlanner 106 9076 [2.5992929408176364, 0.0, 0.0, 0.0] [260.27199817448644, 0.0, 0.0, 0.0]
concludeProduction 106 9076 2.3492745547088316 0.0
107 9076 newAPP 5.0 14.0 25.769506084467118 38.556145864850166
allowInformationToCentralPlanner 107 9076 [2.597556702025214, 0.0, 0.0, 0.0] [398.5470183992061, 0.0, 0.0, 0.0]
requestGoodsToTheCentralPlanner 107 9076 [2.597556702025214, 0.0, 0.0, 0.0] [398.5470183992061, 0.0, 0.0, 0.0]
concludeProduction 107 9076 2.597556702025214 1.0119615206618677
108 9076 newAPP 5.0 14.0 25.769506084467118 38.660456859105935
allowInformationToCentralPlanner 108 9076 [2.6045842125853658, 0.0, 0.0, 0.0] [367.4338607264781, 0.0, 0.0, 0.0]
requestGoodsToTheCentralPlanner 108 9076 [2.6045842125853658, 0.0, 0.0, 0.0] [367.4338607264781, 0.0, 0.0, 0.0]
concludeProduction 108 9076 2.6045842125853658 0.6212358415151118
109 9076 newAPP 8.0 14.0 41.23120973514739 38.724492622297184
allowInformationToCentralPlanner 109 9076 [2.6088983503736647, 0.0, 0.0, 0.0] [306.75050130081127, 0.0, 0.0, 0.0]
requestGoodsToTheCentralPlanner 109 9076 [2.6088983503736647, 0.0, 0.0, 0.0] [306.75050130081127, 0.0, 0.0, 0.0]
concludeProduction 109 9076 2.5509534766731803 0.0
110 9076 newAPP 5.0 14.0 25.769506084467118 38.71851977919563
allowInformationToCentralPlanner 110 9076 [2.608495955417412, 0.0, 0.0, 0.0] [414.8142406618818, 0.0, 0.0, 0.0]
requestGoodsToTheCentralPlanner 110 9076 [2.608495955417412, 0.0, 0.0, 0.0] [414.8142406618818, 0.0, 0.0, 0.0]
concludeProduction 110 9076 2.608495955417412 1.247421836134834
111 9076 newAPP 3.0 16.0 15.461703650680272 38.847101557580324
allowInformationToCentralPlanner 111 9076 [2.617158607057237, 0.0, 0.0, 0.0] [449.4420766421336, 0.0, 0.0, 0.0]
requestGoodsToTheCentralPlanner 111 9076 [2.617158607057237, 0.0, 0.0, 0.0] [449.4420766421336, 0.0, 0.0, 0.0]
concludeProduction 111 9076 2.617158607057237 1.2320152047385342
112 9076 newAPP 9.0 16.0 46.38511095204081 38.974095250838985
allowInformationToCentralPlanner 112 9076 [2.6257142682012544, 0.0, 0.0, 0.0] [412.0868599169211, 0.0, 0.0, 0.0]
requestGoodsToTheCentralPlanner 112 9076 [2.6257142682012544, 0.0, 0.0, 0.0] [412.0868599169211, 0.0, 0.0, 0.0]
concludeProduction 112 9076 2.6257142682012544 1.0451805329093173
113 9076 newAPP 4.0 16.0 20.615604867573694 39.08183039524768
allowInformationToCentralPlanner 113 9076 [2.6329724663464575, 0.0, 0.0, 0.0] [332.93716133072104, 0.0, 0.0, 0.0]
requestGoodsToTheCentralPlanner 113 9076 [2.6329724663464575, 0.0, 0.0, 0.0] [332.93716133072104, 0.0, 0.0, 0.0]
concludeProduction 113 9076 2.6329724663464575 0.3177371175446262
114 9076 newAPP 4.0 16.0 20.615604867573694 39.11458210958298
allowInformationToCentralPlanner 114 9076 [2.635178974107184, 0.0, 0.0, 0.0] [362.5876505014221, 0.0, 0.0, 0.0]
requestGoodsToTheCentralPlanner 114 9076 [2.635178974107184, 0.0, 0.0, 0.0] [362.5876505014221, 0.0, 0.0, 0.0]
concludeProduction 114 9076 2.635178974107184 0.3539156547147231
115 9076 newAPP 2.0 16.0 10.307802433786847 39.151063036053216
allowInformationToCentralPlanner 115 9076 [2.6376367217093692, 0.0, 0.0, 0.0] [422.19834328123585, 0.0, 0.0, 0.0]
requestGoodsToTheCentralPlanner 115 9076 [2.6376367217093692, 0.0, 0.0, 0.0] [422.19834328123585, 0.0, 0.0, 0.0]
concludeProduction 115 9076 2.6376367217093692 1.1738975225505035
116 9076 newAPP 3.0 16.0 15.461703650680272 39.27206607345284
allowInformationToCentralPlanner 116 9076 [2.6457887878381925, 0.0, 0.0, 0.0] [420.90705600643025, 0.0, 0.0, 0.0]
requestGoodsToTheCentralPlanner 116 9076 [2.6457887878381925, 0.0, 0.0, 0.0] [420.90705600643025, 0.0, 0.0, 0.0]
concludeProduction 116 9076 2.6457887878381925 1.0001688835234033
117 9076 newAPP 9.0 16.0 46.38511095204081 39.375161505970645
allowInformationToCentralPlanner 117 9076 [2.6527344050848827, 0.0, 0.0, 0.0] [419.80687023455454, 0.0, 0.0, 0.0]
requestGoodsToTheCentralPlanner 117 9076 [2.6527344050848827, 0.0, 0.0, 0.0] [419.80687023455454, 0.0, 0.0, 0.0]
concludeProduction 117 9076 2.6527344050848827 0.9334973741039057
118 9076 newAPP 3.0 16.0 15.461703650680272 39.471384571017865
allowInformationToCentralPlanner 118 9076 [2.6592170257383825, 0.0, 0.0, 0.0] [418.7800231230403, 0.0, 0.0, 0.0]
requestGoodsToTheCentralPlanner 118 9076 [2.6592170257383825, 0.0, 0.0, 0.0] [418.7800231230403, 0.0, 0.0, 0.0]
concludeProduction 118 9076 2.6592170257383825 1.0208346975702498
119 9076 newAPP 2.0 16.0 10.307802433786847 39.57661019481895
allowInformationToCentralPlanner 119 9076 [2.6663061555826197, 0.0, 0.0, 0.0] [273.65710495571295, 0.0, 0.0, 0.0]
requestGoodsToTheCentralPlanner 119 9076 [2.6663061555826197, 0.0, 0.0, 0.0] [273.65710495571295, 0.0, 0.0, 0.0]
concludeProduction 119 9076 2.452086458515443 0.0
120 9076 newAPP 2.0 16.0 10.307802433786847 39.55452885167101
allowInformationToCentralPlanner 120 9076 [2.6648185187974307, 0.0, 0.0, 0.0] [297.8927466224867, 0.0, 0.0, 0.0]
requestGoodsToTheCentralPlanner 120 9076 [2.6648185187974307, 0.0, 0.0, 0.0] [297.8927466224867, 0.0, 0.0, 0.0]
concludeProduction 120 9076 2.4501097914205996 0.0
121 9076 newAPP 5.0 16.0 25.769506084467118 39.53239710024491
allowInformationToCentralPlanner 121 9076 [2.6633274859684253, 0.0, 0.0, 0.0] [322.1289262226014, 0.0, 0.0, 0.0]
requestGoodsToTheCentralPlanner 121 9076 [2.6633274859684253, 0.0, 0.0, 0.0] [322.1289262226014, 0.0, 0.0, 0.0]
concludeProduction 121 9076 2.6633274859684253 0.026053619344721834
122 9076 newAPP 4.0 16.0 20.615604867573694 39.53508265585381
allowInformationToCentralPlanner 122 9076 [2.663508413880541, 0.0, 0.0, 0.0] [322.10026724132223, 0.0, 0.0, 0.0]
requestGoodsToTheCentralPlanner 122 9076 [2.663508413880541, 0.0, 0.0, 0.0] [322.10026724132223, 0.0, 0.0, 0.0]
concludeProduction 122 9076 2.663508413880541 0.09262053332780251
123 9076 newAPP 4.0 16.0 20.615604867573694 39.54462979744236
allowInformationToCentralPlanner 123 9076 [2.6641516120286513, 0.0, 0.0, 0.0] [273.99838465466155, 0.0, 0.0, 0.0]
requestGoodsToTheCentralPlanner 123 9076 [2.6641516120286513, 0.0, 0.0, 0.0] [273.99838465466155, 0.0, 0.0, 0.0]
concludeProduction 123 9076 2.3112410922316444 0.0
124 9076 newAPP 4.0 16.0 20.615604867573694 39.508252478293635
allowInformationToCentralPlanner 124 9076 [2.6617008445300607, 0.0, 0.0, 0.0] [298.3865862264382, 0.0, 0.0, 0.0]
requestGoodsToTheCentralPlanner 124 9076 [2.6617008445300607, 0.0, 0.0, 0.0] [298.3865862264382, 0.0, 0.0, 0.0]
concludeProduction 124 9076 2.6617008445300607 0.03186445258714654
125 9076 newAPP 2.0 16.0 10.307802433786847 39.51153700311292
allowInformationToCentralPlanner 125 9076 [2.661922125450804, 0.0, 0.0, 0.0] [274.3515353285925, 0.0, 0.0, 0.0]
requestGoodsToTheCentralPlanner 125 9076 [2.661922125450804, 0.0, 0.0, 0.0] [274.3515353285925, 0.0, 0.0, 0.0]
concludeProduction 125 9076 2.3127665432253246 0.0
126 9076 newAPP 3.0 16.0 15.461703650680272 39.47554673551058
allowInformationToCentralPlanner 126 9076 [2.6594974339075717, 0.0, 0.0, 0.0] [250.73560646904065, 0.0, 0.0, 0.0]
requestGoodsToTheCentralPlanner 126 9076 [2.6594974339075717, 0.0, 0.0, 0.0] [250.73560646904065, 0.0, 0.0, 0.0]
concludeProduction 126 9076 2.1790212849604096 0.0
127 9076 newAPP 2.0 16.0 10.307802433786847 39.42602020333564
allowInformationToCentralPlanner 127 9076 [2.656160793984328, 0.0, 0.0, 0.0] [101.26413023288244, 0.0, 0.0, 0.0]
requestGoodsToTheCentralPlanner 127 9076 [2.656160793984328, 0.0, 0.0, 0.0] [101.26413023288244, 0.0, 0.0, 0.0]
concludeProduction 127 9076 0.8769985013457677 0.0
128 9076 newAPP 7.0 16.0 36.077308518253965 39.242627669234025
allowInformationToCentralPlanner 128 9076 [2.6438055002854495, 0.0, 0.0, 0.0] [277.2212087547848, 0.0, 0.0, 0.0]
requestGoodsToTheCentralPlanner 128 9076 [2.6438055002854495, 0.0, 0.0, 0.0] [277.2212087547848, 0.0, 0.0, 0.0]
concludeProduction 128 9076 2.3366234274679534 0.0
129 9076 newAPP 7.0 16.0 36.077308518253965 39.21096394805599
allowInformationToCentralPlanner 129 9076 [2.641672291446439, 0.0, 0.0, 0.0] [253.5591090348841, 0.0, 0.0, 0.0]
requestGoodsToTheCentralPlanner 129 9076 [2.641672291446439, 0.0, 0.0, 0.0] [253.5591090348841, 0.0, 0.0, 0.0]
concludeProduction 129 9076 2.143879060587356 0.0
130 9076 newAPP 9.0 16.0 46.38511095204081 39.159652405290274
allowInformationToCentralPlanner 130 9076 [2.6382153940099173, 0.0, 0.0, 0.0] [362.106681588829, 0.0, 0.0, 0.0]
requestGoodsToTheCentralPlanner 130 9076 [2.6382153940099173, 0.0, 0.0, 0.0] [362.106681588829, 0.0, 0.0, 0.0]
concludeProduction 130 9076 2.6382153940099173 0.29117652961531704
131 9076 newAPP 8.0 16.0 41.23120973514739 39.18966630669658
allowInformationToCentralPlanner 131 9076 [2.640237453243358, 0.0, 0.0, 0.0] [301.786387406252, 0.0, 0.0, 0.0]
requestGoodsToTheCentralPlanner 131 9076 [2.640237453243358, 0.0, 0.0, 0.0] [301.786387406252, 0.0, 0.0, 0.0]
concludeProduction 131 9076 2.640237453243358 0.1326573682757224
132 9076 newAPP 3.0 16.0 15.461703650680272 39.2033403661323
allowInformationToCentralPlanner 132 9076 [2.6411586849674946, 0.0, 0.0, 0.0] [361.6404643011489, 0.0, 0.0, 0.0]
requestGoodsToTheCentralPlanner 132 9076 [2.6411586849674946, 0.0, 0.0, 0.0] [361.6404643011489, 0.0, 0.0, 0.0]
concludeProduction 132 9076 2.6411586849674946 0.4573621990922181
133 9076 newAPP 9.0 16.0 46.38511095204081 39.250484358021545
allowInformationToCentralPlanner 133 9076 [2.644334811350079, 0.0, 0.0, 0.0] [361.1373658821475, 0.0, 0.0, 0.0]
requestGoodsToTheCentralPlanner 133 9076 [2.644334811350079, 0.0, 0.0, 0.0] [361.1373658821475, 0.0, 0.0, 0.0]
concludeProduction 133 9076 2.644334811350079 0.4149121359778185
134 9076 newAPP 4.0 16.0 20.615604867573694 39.293252681271944
allowInformationToCentralPlanner 134 9076 [2.6472161456277026, 0.0, 0.0, 0.0] [360.68096253257187, 0.0, 0.0, 0.0]
requestGoodsToTheCentralPlanner 134 9076 [2.6472161456277026, 0.0, 0.0, 0.0] [360.68096253257187, 0.0, 0.0, 0.0]
concludeProduction 134 9076 2.6472161456277026 0.2766598420864361
135 9076 newAPP 2.0 16.0 10.307802433786847 39.32177023120784
allowInformationToCentralPlanner 135 9076 [2.6491373945310808, 0.0, 0.0, 0.0] [390.3766367062767, 0.0, 0.0, 0.0]
requestGoodsToTheCentralPlanner 135 9076 [2.6491373945310808, 0.0, 0.0, 0.0] [390.3766367062767, 0.0, 0.0, 0.0]
concludeProduction 135 9076 2.6491373945310808 0.7960004158683804
136 9076 newAPP 4.0 16.0 20.615604867573694 39.40382038144767
allowInformationToCentralPlanner 136 9076 [2.654665175196833, 0.0, 0.0, 0.0] [419.5010362488216, 0.0, 0.0, 0.0]
requestGoodsToTheCentralPlanner 136 9076 [2.654665175196833, 0.0, 0.0, 0.0] [419.5010362488216, 0.0, 0.0, 0.0]
concludeProduction 136 9076 2.654665175196833 0.962436862140895
137 9076 newAPP 2.0 16.0 10.307802433786847 39.50302647174709
allowInformationToCentralPlanner 137 9076 [2.661348764517256, 0.0, 0.0, 0.0] [418.44235570046663, 0.0, 0.0, 0.0]
requestGoodsToTheCentralPlanner 137 9076 [2.661348764517256, 0.0, 0.0, 0.0] [418.44235570046663, 0.0, 0.0, 0.0]
concludeProduction 137 9076 2.661348764517256 0.938631205174544
138 9076 newAPP 6.0 16.0 30.923407301360545 39.59977872195835
allowInformationToCentralPlanner 138 9076 [2.6678670367754123, 0.0, 0.0, 0.0] [417.4098613747747, 0.0, 0.0, 0.0]
requestGoodsToTheCentralPlanner 138 9076 [2.6678670367754123, 0.0, 0.0, 0.0] [417.4098613747747, 0.0, 0.0, 0.0]
concludeProduction 138 9076 2.6678670367754123 0.6910544086155261
139 9076 newAPP 5.0 16.0 25.769506084467118 39.67101124510842
allowInformationToCentralPlanner 139 9076 [2.6726660257241313, 0.0, 0.0, 0.0] [446.6497015252974, 0.0, 0.0, 0.0]
requestGoodsToTheCentralPlanner 139 9076 [2.6726660257241313, 0.0, 0.0, 0.0] [446.6497015252974, 0.0, 0.0, 0.0]
concludeProduction 139 9076 2.6726660257241313 1.36083442756023
140 9076 newAPP 4.0 16.0 20.615604867573694 39.81128336935228
allowInformationToCentralPlanner 140 9076 [2.682116264804411, 0.0, 0.0, 0.0] [475.15278365498125, 0.0, 0.0, 0.0]
requestGoodsToTheCentralPlanner 140 9076 [2.682116264804411, 0.0, 0.0, 0.0] [475.15278365498125, 0.0, 0.0, 0.0]
concludeProduction 140 9076 2.682116264804411 1.3116839946500538
141 9076 newAPP 4.0 17.0 20.615604867573694 39.94648916407641
allowInformationToCentralPlanner 141 9076 [2.691225181433925, 0.0, 0.0, 0.0] [317.7099312608663, 0.0, 0.0, 0.0]
requestGoodsToTheCentralPlanner 141 9076 [2.691225181433925, 0.0, 0.0, 0.0] [317.7099312608663, 0.0, 0.0, 0.0]
concludeProduction 141 9076 2.6010907338149027 0.0
142 9076 newAPP 8.0 17.0 41.23120973514739 39.93719828329105
allowInformationToCentralPlanner 142 9076 [2.690599247769904, 0.0, 0.0, 0.0] [443.8090791532471, 0.0, 0.0, 0.0]
requestGoodsToTheCentralPlanner 142 9076 [2.690599247769904, 0.0, 0.0, 0.0] [443.8090791532471, 0.0, 0.0, 0.0]
concludeProduction 142 9076 2.690599247769904 0.9381567322773252
143 9076 newAPP 5.0 17.0 25.769506084467118 40.03390162577347
allowInformationToCentralPlanner 143 9076 [2.697114225077385, 0.0, 0.0, 0.0] [292.777106747742, 0.0, 0.0, 0.0]
requestGoodsToTheCentralPlanner 143 9076 [2.697114225077385, 0.0, 0.0, 0.0] [292.777106747742, 0.0, 0.0, 0.0]
concludeProduction 143 9076 2.513188685387963 0.0
144 9076 newAPP 5.0 17.0 25.769506084467118 40.014942944517
allowInformationToCentralPlanner 144 9076 [2.695836964385097, 0.0, 0.0, 0.0] [292.97942484140043, 0.0, 0.0, 0.0]
requestGoodsToTheCentralPlanner 144 9076 [2.695836964385097, 0.0, 0.0, 0.0] [292.97942484140043, 0.0, 0.0, 0.0]
concludeProduction 144 9076 2.561513604426478 0.0
145 9076 newAPP 2.0 17.0 10.307802433786847 40.00109715795004
allowInformationToCentralPlanner 145 9076 [2.6949041632742734, 0.0, 0.0, 0.0] [269.12718053735506, 0.0, 0.0, 0.0]
requestGoodsToTheCentralPlanner 145 9076 [2.6949041632742734, 0.0, 0.0, 0.0] [269.12718053735506, 0.0, 0.0, 0.0]
concludeProduction 145 9076 2.299263286019922 0.0
146 9076 newAPP 5.0 17.0 25.769506084467118 39.96031527797537
allowInformationToCentralPlanner 146 9076 [2.6921566571822297, 0.0, 0.0, 0.0] [245.56238550233485, 0.0, 0.0, 0.0]
requestGoodsToTheCentralPlanner 146 9076 [2.6921566571822297, 0.0, 0.0, 0.0] [245.56238550233485, 0.0, 0.0, 0.0]
concludeProduction 146 9076 1.9854609207417095 0.0
147 9076 newAPP 2.0 17.0 10.307802433786847 39.887470477655086
allowInformationToCentralPlanner 147 9076 [2.6872490479013926, 0.0, 0.0, 0.0] [414.33975081241937, 0.0, 0.0, 0.0]
requestGoodsToTheCentralPlanner 147 9076 [2.6872490479013926, 0.0, 0.0, 0.0] [414.33975081241937, 0.0, 0.0, 0.0]
concludeProduction 147 9076 2.6872490479013926 0.8364606656529863
148 9076 newAPP 2.0 17.0 10.307802433786847 39.97369119050693
allowInformationToCentralPlanner 148 9076 [2.693057802523983, 0.0, 0.0, 0.0] [293.41964408020095, 0.0, 0.0, 0.0]
requestGoodsToTheCentralPlanner 148 9076 [2.693057802523983, 0.0, 0.0, 0.0] [293.41964408020095, 0.0, 0.0, 0.0]
concludeProduction 148 9076 2.5705039615845067 0.0
149 9076 newAPP 5.0 17.0 25.769506084467118 39.96105858270788
allowInformationToCentralPlanner 149 9076 [2.6922067341841256, 0.0, 0.0, 0.0] [317.5544533052345, 0.0, 0.0, 0.0]
requestGoodsToTheCentralPlanner 149 9076 [2.6922067341841256, 0.0, 0.0, 0.0] [317.5544533052345, 0.0, 0.0, 0.0]
concludeProduction 149 9076 2.6922067341841256 0.1796794761217746
150 9076 newAPP 3.0 17.0 15.461703650680272 39.97957958812058
allowInformationToCentralPlanner 150 9076 [2.6934545083238604, 0.0, 0.0, 0.0] [293.35680588150035, 0.0, 0.0, 0.0]
requestGoodsToTheCentralPlanner 150 9076 [2.6934545083238604, 0.0, 0.0, 0.0] [293.35680588150035, 0.0, 0.0, 0.0]
concludeProduction 150 9076 2.38734164278991 0.0
151 9076 newAPP 3.0 16.0 15.461703650680272 39.948026078716936
allowInformationToCentralPlanner 151 9076 [2.6913287245354303, 0.0, 0.0, 0.0] [269.69353003358776, 0.0, 0.0, 0.0]
requestGoodsToTheCentralPlanner 151 9076 [2.6913287245354303, 0.0, 0.0, 0.0] [269.69353003358776, 0.0, 0.0, 0.0]
concludeProduction 151 9076 2.148422624375087 0.0
152 9076 newAPP 9.0 16.0 46.38511095204081 39.89206439051143
allowInformationToCentralPlanner 152 9076 [2.6875585432843168, 0.0, 0.0, 0.0] [270.29072674376414, 0.0, 0.0, 0.0]
requestGoodsToTheCentralPlanner 152 9076 [2.6875585432843168, 0.0, 0.0, 0.0] [270.29072674376414, 0.0, 0.0, 0.0]
concludeProduction 152 9076 2.3658184088994885 0.0
153 9076 newAPP 7.0 16.0 36.077308518253965 39.85890005310884
allowInformationToCentralPlanner 153 9076 [2.6853242367955334, 0.0, 0.0, 0.0] [246.64464089158758, 0.0, 0.0, 0.0]
requestGoodsToTheCentralPlanner 153 9076 [2.6853242367955334, 0.0, 0.0, 0.0] [246.64464089158758, 0.0, 0.0, 0.0]
concludeProduction 153 9076 2.1245259577522977 0.0
154 9076 newAPP 8.0 16.0 41.23120973514739 39.80109407445298
allowInformationToCentralPlanner 154 9076 [2.681429804302177, 0.0, 0.0, 0.0] [355.26151899853517, 0.0, 0.0, 0.0]
requestGoodsToTheCentralPlanner 154 9076 [2.681429804302177, 0.0, 0.0, 0.0] [355.26151899853517, 0.0, 0.0, 0.0]
concludeProduction 154 9076 2.681429804302177 0.31782564769476007
155 9076 newAPP 2.0 16.0 10.307802433786847 39.83385491430126
allowInformationToCentralPlanner 155 9076 [2.683636926855613, 0.0, 0.0, 0.0] [384.91191078607085, 0.0, 0.0, 0.0]
requestGoodsToTheCentralPlanner 155 9076 [2.683636926855613, 0.0, 0.0, 0.0] [384.91191078607085, 0.0, 0.0, 0.0]
concludeProduction 155 9076 2.683636926855613 0.5552352092308408
156 9076 newAPP 6.0 16.0 30.923407301360545 39.8910874627116
allowInformationToCentralPlanner 156 9076 [2.687492726919716, 0.0, 0.0, 0.0] [414.30115205591693, 0.0, 0.0, 0.0]
requestGoodsToTheCentralPlanner 156 9076 [2.687492726919716, 0.0, 0.0, 0.0] [414.30115205591693, 0.0, 0.0, 0.0]
concludeProduction 156 9076 2.687492726919716 0.8132630282213871
157 9076 newAPP 6.0 16.0 30.923407301360545 39.9749170089277
allowInformationToCentralPlanner 157 9076 [2.69314038683792, 0.0, 0.0, 0.0] [413.40656272487337, 0.0, 0.0, 0.0]
requestGoodsToTheCentralPlanner 157 9076 [2.69314038683792, 0.0, 0.0, 0.0] [413.40656272487337, 0.0, 0.0, 0.0]
concludeProduction 157 9076 2.69314038683792 0.8054092315767178
158 9076 newAPP 3.0 16.0 15.461703650680272 40.05793700130211
allowInformationToCentralPlanner 158 9076 [2.6987335065016476, 0.0, 0.0, 0.0] [382.52061257013895, 0.0, 0.0, 0.0]
requestGoodsToTheCentralPlanner 158 9076 [2.6987335065016476, 0.0, 0.0, 0.0] [382.52061257013895, 0.0, 0.0, 0.0]
concludeProduction 158 9076 2.6987335065016476 0.5988803067921893
159 9076 newAPP 5.0 16.0 25.769506084467118 40.1196684001411
allowInformationToCentralPlanner 159 9076 [2.702892397521038, 0.0, 0.0, 0.0] [351.8618442326677, 0.0, 0.0, 0.0]
requestGoodsToTheCentralPlanner 159 9076 [2.702892397521038, 0.0, 0.0, 0.0] [351.8618442326677, 0.0, 0.0, 0.0]
concludeProduction 159 9076 2.702892397521038 0.012714186336786337
160 9076 newAPP 2.0 16.0 10.307802433786847 40.12097895334976
allowInformationToCentralPlanner 160 9076 [2.70298069048171, 0.0, 0.0, 0.0] [381.84785862769706, 0.0, 0.0, 0.0]
requestGoodsToTheCentralPlanner 160 9076 [2.70298069048171, 0.0, 0.0, 0.0] [381.84785862769706, 0.0, 0.0, 0.0]
concludeProduction 160 9076 2.70298069048171 0.5904945889483852
161 9076 newAPP 4.0 16.0 20.615604867573694 40.181845968960765
allowInformationToCentralPlanner 161 9076 [2.7070813473494075, 0.0, 0.0, 0.0] [441.1983145798538, 0.0, 0.0, 0.0]
requestGoodsToTheCentralPlanner 161 9076 [2.7070813473494075, 0.0, 0.0, 0.0] [441.1983145798538, 0.0, 0.0, 0.0]
concludeProduction 161 9076 2.7070813473494075 1.0022340002136851
162 9076 newAPP 4.0 16.0 20.615604867573694 40.285154269627036
allowInformationToCentralPlanner 162 9076 [2.714041305684225, 0.0, 0.0, 0.0] [440.0958571796187, 0.0, 0.0, 0.0]
requestGoodsToTheCentralPlanner 162 9076 [2.714041305684225, 0.0, 0.0, 0.0] [440.0958571796187, 0.0, 0.0, 0.0]
concludeProduction 162 9076 2.714041305684225 0.9684772896803517
163 9076 newAPP 7.0 16.0 36.077308518253965 40.384982995263385
allowInformationToCentralPlanner 163 9076 [2.7207668424181164, 0.0, 0.0, 0.0] [439.0305321609702, 0.0, 0.0, 0.0]
requestGoodsToTheCentralPlanner 163 9076 [2.7207668424181164, 0.0, 0.0, 0.0] [439.0305321609702, 0.0, 0.0, 0.0]
concludeProduction 163 9076 2.7207668424181164 0.8110752616638459
164 9076 newAPP 5.0 16.0 25.769506084467118 40.46858703082501
allowInformationToCentralPlanner 164 9076 [2.7263993095130044, 0.0, 0.0, 0.0] [312.1383493731401, 0.0, 0.0, 0.0]
requestGoodsToTheCentralPlanner 164 9076 [2.7263993095130044, 0.0, 0.0, 0.0] [312.1383493731401, 0.0, 0.0, 0.0]
concludeProduction 164 9076 2.666191302869117 0.0
165 9076 newAPP 2.0 16.0 10.307802433786847 40.46238090845084
allowInformationToCentralPlanner 165 9076 [2.725981198355755, 0.0, 0.0, 0.0] [312.2045781804484, 0.0, 0.0, 0.0]
requestGoodsToTheCentralPlanner 165 9076 [2.725981198355755, 0.0, 0.0, 0.0] [312.2045781804484, 0.0, 0.0, 0.0]
concludeProduction 165 9076 2.6752295314262255 0.0
166 9076 newAPP 4.0 16.0 20.615604867573694 40.45714952689189
allowInformationToCentralPlanner 166 9076 [2.7256287562243, 0.0, 0.0, 0.0] [288.26040501407067, 0.0, 0.0, 0.0]
requestGoodsToTheCentralPlanner 166 9076 [2.7256287562243, 0.0, 0.0, 0.0] [288.26040501407067, 0.0, 0.0, 0.0]
concludeProduction 166 9076 2.4781848738367867 0.0
167 9076 newAPP 3.0 16.0 15.461703650680272 40.4316435003609
allowInformationToCentralPlanner 167 9076 [2.723910395929942, 0.0, 0.0, 0.0] [288.53259328469693, 0.0, 0.0, 0.0]
requestGoodsToTheCentralPlanner 167 9076 [2.723910395929942, 0.0, 0.0, 0.0] [288.53259328469693, 0.0, 0.0, 0.0]
concludeProduction 167 9076 2.3785912858056135 0.0
168 9076 newAPP 2.0 16.0 10.307802433786847 40.39604868872317
allowInformationToCentralPlanner 168 9076 [2.721512346554079, 0.0, 0.0, 0.0] [312.91244430583384, 0.0, 0.0, 0.0]
requestGoodsToTheCentralPlanner 168 9076 [2.721512346554079, 0.0, 0.0, 0.0] [312.91244430583384, 0.0, 0.0, 0.0]
concludeProduction 168 9076 2.643469360086345 0.0
169 9076 newAPP 9.0 16.0 46.38511095204081 40.38800417186465
allowInformationToCentralPlanner 169 9076 [2.7209703813702752, 0.0, 0.0, 0.0] [288.99829159094816, 0.0, 0.0, 0.0]
requestGoodsToTheCentralPlanner 169 9076 [2.7209703813702752, 0.0, 0.0, 0.0] [288.99829159094816, 0.0, 0.0, 0.0]
concludeProduction 169 9076 2.5113033512293788 0.0
170 9076 newAPP 5.0 16.0 25.769506084467118 40.36639210862894
allowInformationToCentralPlanner 170 9076 [2.7195143603276306, 0.0, 0.0, 0.0] [289.2289253241031, 0.0, 0.0, 0.0]
requestGoodsToTheCentralPlanner 170 9076 [2.7195143603276306, 0.0, 0.0, 0.0] [289.2289253241031, 0.0, 0.0, 0.0]
concludeProduction 170 9076 2.32865706277328 0.0
171 9076 newAPP 4.0 16.0 20.615604867573694 40.326103310599
allowInformationToCentralPlanner 171 9076 [2.7168000735390585, 0.0, 0.0, 0.0] [241.6588683514131, 0.0, 0.0, 0.0]
requestGoodsToTheCentralPlanner 171 9076 [2.7168000735390585, 0.0, 0.0, 0.0] [241.6588683514131, 0.0, 0.0, 0.0]
concludeProduction 171 9076 1.9944997895947765 0.0
172 9076 newAPP 4.0 16.0 20.615604867573694 40.25165002435134
allowInformationToCentralPlanner 172 9076 [2.7117840993450013, 0.0, 0.0, 0.0] [242.45339866375187, 0.0, 0.0, 0.0]
requestGoodsToTheCentralPlanner 172 9076 [2.7117840993450013, 0.0, 0.0, 0.0] [242.45339866375187, 0.0, 0.0, 0.0]
concludeProduction 172 9076 2.1641514036170406 0.0
173 9076 newAPP 4.0 16.0 20.615604867573694 40.19520112801288
allowInformationToCentralPlanner 173 9076 [2.707981094513557, 0.0, 0.0, 0.0] [243.05579462905257, 0.0, 0.0, 0.0]
requestGoodsToTheCentralPlanner 173 9076 [2.707981094513557, 0.0, 0.0, 0.0] [243.05579462905257, 0.0, 0.0, 0.0]
concludeProduction 173 9076 1.9855948879972256 0.0
174 9076 newAPP 2.0 16.0 10.307802433786847 40.120738985036255
allowInformationToCentralPlanner 174 9076 [2.7029645236349715, 0.0, 0.0, 0.0] [219.85041945622052, 0.0, 0.0, 0.0]
requestGoodsToTheCentralPlanner 174 9076 [2.7029645236349715, 0.0, 0.0, 0.0] [219.85041945622052, 0.0, 0.0, 0.0]
concludeProduction 174 9076 1.8316885268760001 0.0
175 9076 newAPP 7.0 16.0 36.077308518253965 40.030929576637334
allowInformationToCentralPlanner 175 9076 [2.696913995879701, 0.0, 0.0, 0.0] [172.80882305265536, 0.0, 0.0, 0.0]
requestGoodsToTheCentralPlanner 175 9076 [2.696913995879701, 0.0, 0.0, 0.0] [172.80882305265536, 0.0, 0.0, 0.0]
concludeProduction 175 9076 1.4888230740508677 0.0
176 9076 newAPP 5.0 16.0 25.769506084467118 39.90640195119471
allowInformationToCentralPlanner 176 9076 [2.688524475589223, 0.0, 0.0, 0.0] [222.137723066667, 0.0, 0.0, 0.0]
requestGoodsToTheCentralPlanner 176 9076 [2.688524475589223, 0.0, 0.0, 0.0] [222.137723066667, 0.0, 0.0, 0.0]
concludeProduction 176 9076 1.7725801998100537 0.0
177 9076 newAPP 3.0 16.0 15.461703650680272 39.81198822484381
allowInformationToCentralPlanner 177 9076 [2.6821637514518675, 0.0, 0.0, 0.0] [223.14526177002412, 0.0, 0.0, 0.0]
requestGoodsToTheCentralPlanner 177 9076 [2.6821637514518675, 0.0, 0.0, 0.0] [223.14526177002412, 0.0, 0.0, 0.0]
concludeProduction 177 9076 1.9182191505769632 0.0
178 9076 newAPP 4.0 16.0 20.615604867573694 39.733242324682045
allowInformationToCentralPlanner 178 9076 [2.6768585806124587, 0.0, 0.0, 0.0] [385.98560083098647, 0.0, 0.0, 0.0]
requestGoodsToTheCentralPlanner 178 9076 [2.6768585806124587, 0.0, 0.0, 0.0] [385.98560083098647, 0.0, 0.0, 0.0]
concludeProduction 178 9076 2.6768585806124587 0.7131927451336888
179 9076 newAPP 4.0 16.0 20.615604867573694 39.806756823822525
allowInformationToCentralPlanner 179 9076 [2.6818113080092205, 0.0, 0.0, 0.0] [271.2010888113394, 0.0, 0.0, 0.0]
requestGoodsToTheCentralPlanner 179 9076 [2.6818113080092205, 0.0, 0.0, 0.0] [271.2010888113394, 0.0, 0.0, 0.0]
concludeProduction 179 9076 2.197347750142828 0.0
180 9076 newAPP 3.0 16.0 15.461703650680272 39.75681927741397
allowInformationToCentralPlanner 180 9076 [2.6784469777462596, 0.0, 0.0, 0.0] [271.73399872499243, 0.0, 0.0, 0.0]
requestGoodsToTheCentralPlanner 180 9076 [2.6784469777462596, 0.0, 0.0, 0.0] [271.73399872499243, 0.0, 0.0, 0.0]
concludeProduction 180 9076 2.1369415125537183 0.0
181 9076 newAPP 5.0 16.0 25.769506084467118 39.70100196389376
allowInformationToCentralPlanner 181 9076 [2.674686523126867, 0.0, 0.0, 0.0] [296.3296547367041, 0.0, 0.0, 0.0]
requestGoodsToTheCentralPlanner 181 9076 [2.674686523126867, 0.0, 0.0, 0.0] [296.3296547367041, 0.0, 0.0, 0.0]
concludeProduction 181 9076 2.484462419867148 0.0
182 9076 newAPP 4.0 16.0 20.615604867573694 39.6813940391483
allowInformationToCentralPlanner 182 9076 [2.673365522409785, 0.0, 0.0, 0.0] [320.53890125029, 0.0, 0.0, 0.0]
requestGoodsToTheCentralPlanner 182 9076 [2.673365522409785, 0.0, 0.0, 0.0] [320.53890125029, 0.0, 0.0, 0.0]
concludeProduction 182 9076 2.673365522409785 0.04417477372738077
183 9076 newAPP 4.0 16.0 20.615604867573694 39.68594748754969
allowInformationToCentralPlanner 183 9076 [2.6736722916717808, 0.0, 0.0, 0.0] [344.49030899918995, 0.0, 0.0, 0.0]
requestGoodsToTheCentralPlanner 183 9076 [2.6736722916717808, 0.0, 0.0, 0.0] [344.49030899918995, 0.0, 0.0, 0.0]
concludeProduction 183 9076 2.6736722916717808 0.23903917610842385
184 9076 newAPP 3.0 16.0 15.461703650680272 39.710587173562296
allowInformationToCentralPlanner 184 9076 [2.6753322859503115, 0.0, 0.0, 0.0] [344.22736590547066, 0.0, 0.0, 0.0]
requestGoodsToTheCentralPlanner 184 9076 [2.6753322859503115, 0.0, 0.0, 0.0] [344.22736590547066, 0.0, 0.0, 0.0]
concludeProduction 184 9076 2.6753322859503115 0.14089244411968593
185 9076 newAPP 4.0 16.0 20.615604867573694 39.725110088346284
allowInformationToCentralPlanner 185 9076 [2.6763107057011424, 0.0, 0.0, 0.0] [392.07238421693904, 0.0, 0.0, 0.0]
requestGoodsToTheCentralPlanner 185 9076 [2.6763107057011424, 0.0, 0.0, 0.0] [392.07238421693904, 0.0, 0.0, 0.0]
concludeProduction 185 9076 2.6763107057011424 0.6058615909014282
186 9076 newAPP 4.0 16.0 20.615604867573694 39.787561104158605
allowInformationToCentralPlanner 186 9076 [2.6805180778601803, 0.0, 0.0, 0.0] [367.4059364669473, 0.0, 0.0, 0.0]
requestGoodsToTheCentralPlanner 186 9076 [2.6805180778601803, 0.0, 0.0, 0.0] [367.4059364669473, 0.0, 0.0, 0.0]
concludeProduction 186 9076 2.6805180778601803 0.3861730035319555
187 9076 newAPP 6.0 16.0 30.923407301360545 39.827367054415305
allowInformationToCentralPlanner 187 9076 [2.6831998348291526, 0.0, 0.0, 0.0] [366.9811461630622, 0.0, 0.0, 0.0]
requestGoodsToTheCentralPlanner 187 9076 [2.6831998348291526, 0.0, 0.0, 0.0] [366.9811461630622, 0.0, 0.0, 0.0]
concludeProduction 187 9076 2.6831998348291526 0.261283931415905
188 9076 newAPP 5.0 16.0 25.769506084467118 39.85429968585689
allowInformationToCentralPlanner 188 9076 [2.685014306575096, 0.0, 0.0, 0.0] [342.6937338385048, 0.0, 0.0, 0.0]
requestGoodsToTheCentralPlanner 188 9076 [2.685014306575096, 0.0, 0.0, 0.0] [342.6937338385048, 0.0, 0.0, 0.0]
concludeProduction 188 9076 2.685014306575096 0.23575312792843706
189 9076 newAPP 2.0 16.0 10.307802433786847 39.878600652515225
allowInformationToCentralPlanner 189 9076 [2.686651481074599, 0.0, 0.0, 0.0] [342.43440539778345, 0.0, 0.0, 0.0]
requestGoodsToTheCentralPlanner 189 9076 [2.686651481074599, 0.0, 0.0, 0.0] [342.43440539778345, 0.0, 0.0, 0.0]
concludeProduction 189 9076 2.686651481074599 0.14227757308947497
190 9076 newAPP 4.0 16.0 20.615604867573694 39.89326634365687
allowInformationToCentralPlanner 190 9076 [2.687639519776609, 0.0, 0.0, 0.0] [366.277900067385, 0.0, 0.0, 0.0]
requestGoodsToTheCentralPlanner 190 9076 [2.687639519776609, 0.0, 0.0, 0.0] [366.277900067385, 0.0, 0.0, 0.0]
concludeProduction 190 9076 2.687639519776609 0.38860984037128876
191 9076 newAPP 3.0 16.0 15.461703650680272 39.933323478240595
allowInformationToCentralPlanner 191 9076 [2.6903381992236324, 0.0, 0.0, 0.0] [389.8504292429766, 0.0, 0.0, 0.0]
requestGoodsToTheCentralPlanner 191 9076 [2.6903381992236324, 0.0, 0.0, 0.0] [389.8504292429766, 0.0, 0.0, 0.0]
concludeProduction 191 9076 2.6903381992236324 0.6587547324776049
192 9076 newAPP 2.0 16.0 10.307802433786847 40.00122661458761
allowInformationToCentralPlanner 192 9076 [2.6949128848658375, 0.0, 0.0, 0.0] [389.1257990372512, 0.0, 0.0, 0.0]
requestGoodsToTheCentralPlanner 192 9076 [2.6949128848658375, 0.0, 0.0, 0.0] [389.1257990372512, 0.0, 0.0, 0.0]
concludeProduction 192 9076 2.6949128848658375 0.504721861042468
193 9076 newAPP 4.0 16.0 20.615604867573694 40.05325234686399
allowInformationToCentralPlanner 193 9076 [2.6984178977897435, 0.0, 0.0, 0.0] [412.57060499010464, 0.0, 0.0, 0.0]
requestGoodsToTheCentralPlanner 193 9076 [2.6984178977897435, 0.0, 0.0, 0.0] [412.57060499010464, 0.0, 0.0, 0.0]
concludeProduction 193 9076 2.6984178977897435 0.6385415987504115
194 9076 newAPP 2.0 16.0 10.307802433786847 40.11907195332073
allowInformationToCentralPlanner 194 9076 [2.702852214447732, 0.0, 0.0, 0.0] [435.86820923147917, 0.0, 0.0, 0.0]
requestGoodsToTheCentralPlanner 194 9076 [2.702852214447732, 0.0, 0.0, 0.0] [435.86820923147917, 0.0, 0.0, 0.0]
concludeProduction 194 9076 2.702852214447732 0.7406286215409335
195 9076 newAPP 6.0 16.0 30.923407301360545 40.19541448839725
allowInformationToCentralPlanner 195 9076 [2.707995468763989, 0.0, 0.0, 0.0] [387.05351774778404, 0.0, 0.0, 0.0]
requestGoodsToTheCentralPlanner 195 9076 [2.707995468763989, 0.0, 0.0, 0.0] [387.05351774778404, 0.0, 0.0, 0.0]
concludeProduction 195 9076 2.707995468763989 0.5478782979155157
196 9076 newAPP 9.0 16.0 46.38511095204081 40.25188870092397
allowInformationToCentralPlanner 196 9076 [2.71180017916618, 0.0, 0.0, 0.0] [362.45085162007706, 0.0, 0.0, 0.0]
requestGoodsToTheCentralPlanner 196 9076 [2.71180017916618, 0.0, 0.0, 0.0] [362.45085162007706, 0.0, 0.0, 0.0]
concludeProduction 196 9076 2.71180017916618 0.4260200758987236
197 9076 newAPP 5.0 16.0 25.769506084467118 40.295802008675885
allowInformationToCentralPlanner 197 9076 [2.714758651915477, 0.0, 0.0, 0.0] [361.98222953658836, 0.0, 0.0, 0.0]
requestGoodsToTheCentralPlanner 197 9076 [2.714758651915477, 0.0, 0.0, 0.0] [361.98222953658836, 0.0, 0.0, 0.0]
concludeProduction 197 9076 2.714758651915477 0.1414150503513123
198 9076 newAPP 5.0 16.0 25.769506084467118 40.31037879267774
allowInformationToCentralPlanner 198 9076 [2.7157407008762497, 0.0, 0.0, 0.0] [337.826672981202, 0.0, 0.0, 0.0]
requestGoodsToTheCentralPlanner 198 9076 [2.7157407008762497, 0.0, 0.0, 0.0] [337.826672981202, 0.0, 0.0, 0.0]
concludeProduction 198 9076 2.7157407008762497 0.14100219361871114
199 9076 newAPP 8.0 16.0 41.23120973514739 40.32491302022326
allowInformationToCentralPlanner 199 9076 [2.71671988277638, 0.0, 0.0, 0.0] [469.67157056822134, 0.0, 0.0, 0.0]
requestGoodsToTheCentralPlanner 199 9076 [2.71671988277638, 0.0, 0.0, 0.0] [469.67157056822134, 0.0, 0.0, 0.0]
concludeProduction 199 9076 2.71671988277638 0.9982334438302849
200 9076 newAPP 6.0 16.0 30.923407301360545 40.42780895144128
allowInformationToCentralPlanner 200 9076 [2.7236520594696456, 0.0, 0.0, 0.0] [438.57351378000794, 0.0, 0.0, 0.0]
requestGoodsToTheCentralPlanner 200 9076 [2.7236520594696456, 0.0, 0.0, 0.0] [438.57351378000794, 0.0, 0.0, 0.0]
concludeProduction 200 9076 2.7236520594696456 0.8880830553378818
201 9076 newAPP 2.0 16.0 10.307802433786847 40.51935079823345
allowInformationToCentralPlanner 201 9076 [2.7298193029094926, 0.0, 0.0, 0.0] [437.5966224191362, 0.0, 0.0, 0.0]
requestGoodsToTheCentralPlanner 201 9076 [2.7298193029094926, 0.0, 0.0, 0.0] [437.5966224191362, 0.0, 0.0, 0.0]
concludeProduction 201 9076 2.7298193029094926 0.8802188763778513
202 9076 newAPP 8.0 16.0 41.23120973514739 40.61008202099538
allowInformationToCentralPlanner 202 9076 [2.73593193399545, 0.0, 0.0, 0.0] [406.6283816551207, 0.0, 0.0, 0.0]
requestGoodsToTheCentralPlanner 202 9076 [2.73593193399545, 0.0, 0.0, 0.0] [406.6283816551207, 0.0, 0.0, 0.0]
concludeProduction 202 9076 2.73593193399545 0.6344622567297269
203 9076 newAPP 3.0 16.0 15.461703650680272 40.67548113693603
allowInformationToCentralPlanner 203 9076 [2.740337921889407, 0.0, 0.0, 0.0] [405.93047317271794, 0.0, 0.0, 0.0]
requestGoodsToTheCentralPlanner 203 9076 [2.740337921889407, 0.0, 0.0, 0.0] [405.93047317271794, 0.0, 0.0, 0.0]
concludeProduction 203 9076 2.740337921889407 0.730367139508409
204 9076 newAPP 4.0 16.0 20.615604867573694 40.750765938717855
allowInformationToCentralPlanner 204 9076 [2.745409915913771, 0.0, 0.0, 0.0] [375.1270693192586, 0.0, 0.0, 0.0]
requestGoodsToTheCentralPlanner 204 9076 [2.745409915913771, 0.0, 0.0, 0.0] [375.1270693192586, 0.0, 0.0, 0.0]
concludeProduction 204 9076 2.745409915913771 0.1323618547202683
205 9076 newAPP 5.0 16.0 25.769506084467118 40.764409537200116
allowInformationToCentralPlanner 205 9076 [2.7463290954604394, 0.0, 0.0, 0.0] [434.9814712790663, 0.0, 0.0, 0.0]
requestGoodsToTheCentralPlanner 205 9076 [2.7463290954604394, 0.0, 0.0, 0.0] [434.9814712790663, 0.0, 0.0, 0.0]
concludeProduction 205 9076 2.7463290954604394 0.8628609943809851
206 9076 newAPP 4.0 16.0 20.615604867573694 40.85335154377912
allowInformationToCentralPlanner 206 9076 [2.7523211856991963, 0.0, 0.0, 0.0] [434.0323241852472, 0.0, 0.0, 0.0]
requestGoodsToTheCentralPlanner 206 9076 [2.7523211856991963, 0.0, 0.0, 0.0] [434.0323241852472, 0.0, 0.0, 0.0]
concludeProduction 206 9076 2.7523211856991963 0.8618788702378049
207 9076 newAPP 5.0 16.0 25.769506084467118 40.94219231494179
allowInformationToCentralPlanner 207 9076 [2.7583064556314034, 0.0, 0.0, 0.0] [463.08425742798556, 0.0, 0.0, 0.0]
requestGoodsToTheCentralPlanner 207 9076 [2.7583064556314034, 0.0, 0.0, 0.0] [463.08425742798556, 0.0, 0.0, 0.0]
concludeProduction 207 9076 2.7583064556314034 1.0481797985749628
208 9076 newAPP 9.0 16.0 46.38511095204081 41.050236617729766
allowInformationToCentralPlanner 208 9076 [2.7655854820103967, 0.0, 0.0, 0.0] [461.93125964955306, 0.0, 0.0, 0.0]
requestGoodsToTheCentralPlanner 208 9076 [2.7655854820103967, 0.0, 0.0, 0.0] [461.93125964955306, 0.0, 0.0, 0.0]
concludeProduction 208 9076 2.7655854820103967 0.8915731629798529
209 9076 newAPP 3.0 16.0 15.461703650680272 41.142138217922394
allowInformationToCentralPlanner 209 9076 [2.7717769623088677, 0.0, 0.0, 0.0] [460.9505291702753, 0.0, 0.0, 0.0]
requestGoodsToTheCentralPlanner 209 9076 [2.7717769623088677, 0.0, 0.0, 0.0] [460.9505291702753, 0.0, 0.0, 0.0]
concludeProduction 209 9076 2.7717769623088677 1.0044688916203177
210 9076 newAPP 9.0 16.0 46.38511095204081 41.245676886779464
allowInformationToCentralPlanner 210 9076 [2.7787524407228976, 0.0, 0.0, 0.0] [429.8456133894929, 0.0, 0.0, 0.0]
requestGoodsToTheCentralPlanner 210 9076 [2.7787524407228976, 0.0, 0.0, 0.0] [429.8456133894929, 0.0, 0.0, 0.0]
concludeProduction 210 9076 2.7787524407228976 0.8230403132420498
211 9076 newAPP 3.0 16.0 15.461703650680272 41.33051425621887
allowInformationToCentralPlanner 211 9076 [2.784467998453745, 0.0, 0.0, 0.0] [368.9402690449267, 0.0, 0.0, 0.0]
requestGoodsToTheCentralPlanner 211 9076 [2.784467998453745, 0.0, 0.0, 0.0] [368.9402690449267, 0.0, 0.0, 0.0]
concludeProduction 211 9076 2.784467998453745 0.13167865825836733
212 9076 newAPP 2.0 16.0 10.307802433786847 41.344087432159604
allowInformationToCentralPlanner 212 9076 [2.7853824335805393, 0.0, 0.0, 0.0] [428.79542252084246, 0.0, 0.0, 0.0]
requestGoodsToTheCentralPlanner 212 9076 [2.7853824335805393, 0.0, 0.0, 0.0] [428.79542252084246, 0.0, 0.0, 0.0]
concludeProduction 212 9076 2.7853824335805393 0.6884094642865501
213 9076 newAPP 3.0 16.0 15.461703650680272 41.415047319673754
allowInformationToCentralPlanner 213 9076 [2.790163054860307, 0.0, 0.0, 0.0] [398.03817211012733, 0.0, 0.0, 0.0]
requestGoodsToTheCentralPlanner 213 9076 [2.790163054860307, 0.0, 0.0, 0.0] [398.03817211012733, 0.0, 0.0, 0.0]
concludeProduction 213 9076 2.790163054860307 0.39574520916260925
214 9076 newAPP 4.0 16.0 20.615604867573694 41.45583995397541
allowInformationToCentralPlanner 214 9076 [2.7929112854794917, 0.0, 0.0, 0.0] [367.60285238004843, 0.0, 0.0, 0.0]
requestGoodsToTheCentralPlanner 214 9076 [2.7929112854794917, 0.0, 0.0, 0.0] [367.60285238004843, 0.0, 0.0, 0.0]
concludeProduction 214 9076 2.7929112854794917 0.15063362895569643
215 9076 newAPP 9.0 16.0 46.38511095204081 41.471366970847015
allowInformationToCentralPlanner 215 9076 [2.79395735234724, 0.0, 0.0, 0.0] [307.4371553881972, 0.0, 0.0, 0.0]
requestGoodsToTheCentralPlanner 215 9076 [2.79395735234724, 0.0, 0.0, 0.0] [307.4371553881972, 0.0, 0.0, 0.0]
concludeProduction 215 9076 2.533229215050337 0.0
216 9076 newAPP 4.0 16.0 20.615604867573694 41.444491629565164
allowInformationToCentralPlanner 216 9076 [2.792146740282679, 0.0, 0.0, 0.0] [367.72395633922366, 0.0, 0.0, 0.0]
requestGoodsToTheCentralPlanner 216 9076 [2.792146740282679, 0.0, 0.0, 0.0] [367.72395633922366, 0.0, 0.0, 0.0]
concludeProduction 216 9076 2.792146740282679 0.18005282378923182
217 9076 newAPP 6.0 16.0 30.923407301360545 41.46305111891781
allowInformationToCentralPlanner 217 9076 [2.7933971071145485, 0.0, 0.0, 0.0] [337.5258982330556, 0.0, 0.0, 0.0]
requestGoodsToTheCentralPlanner 217 9076 [2.7933971071145485, 0.0, 0.0, 0.0] [337.5258982330556, 0.0, 0.0, 0.0]
concludeProduction 217 9076 2.6450631778126716 0.0
218 9076 newAPP 4.0 16.0 20.615604867573694 41.4477611505431
allowInformationToCentralPlanner 218 9076 [2.792367010383285, 0.0, 0.0, 0.0] [397.6890655552876, 0.0, 0.0, 0.0]
requestGoodsToTheCentralPlanner 218 9076 [2.792367010383285, 0.0, 0.0, 0.0] [397.6890655552876, 0.0, 0.0, 0.0]
concludeProduction 218 9076 2.792367010383285 0.5493511540333933
219 9076 newAPP 3.0 16.0 15.461703650680272 41.50438718216859
allowInformationToCentralPlanner 219 9076 [2.7961819489529613, 0.0, 0.0, 0.0] [457.0847792858508, 0.0, 0.0, 0.0]
requestGoodsToTheCentralPlanner 219 9076 [2.7961819489529613, 0.0, 0.0, 0.0] [457.0847792858508, 0.0, 0.0, 0.0]
concludeProduction 219 9076 2.7961819489529613 0.9185137521777209
220 9076 newAPP 8.0 16.0 41.23120973514739 41.599065765070236
allowInformationToCentralPlanner 220 9076 [2.8025605166764183, 0.0, 0.0, 0.0] [456.0744141584553, 0.0, 0.0, 0.0]
requestGoodsToTheCentralPlanner 220 9076 [2.8025605166764183, 0.0, 0.0, 0.0] [456.0744141584553, 0.0, 0.0, 0.0]
concludeProduction 220 9076 2.8025605166764183 0.8561285038551487
221 9076 newAPP 5.0 17.0 25.769506084467118 41.68731379982696
allowInformationToCentralPlanner 221 9076 [2.8085058535087457, 0.0, 0.0, 0.0] [515.1326728042146, 0.0, 0.0, 0.0]
requestGoodsToTheCentralPlanner 221 9076 [2.8085058535087457, 0.0, 0.0, 0.0] [515.1326728042146, 0.0, 0.0, 0.0]
concludeProduction 221 9076 2.8085058535087457 1.3512333175184823
222 9076 newAPP 4.0 17.0 20.615604867573694 41.82659626061626
allowInformationToCentralPlanner 222 9076 [2.817889418213735, 0.0, 0.0, 0.0] [513.6463161549444, 0.0, 0.0, 0.0]
requestGoodsToTheCentralPlanner 222 9076 [2.817889418213735, 0.0, 0.0, 0.0] [513.6463161549444, 0.0, 0.0, 0.0]
concludeProduction 222 9076 2.817889418213735 1.2685431399133726
223 9076 newAPP 5.0 17.0 25.769506084467118 41.957355181265896
allowInformationToCentralPlanner 223 9076 [2.8266987455742445, 0.0, 0.0, 0.0] [542.2509187010396, 0.0, 0.0, 0.0]
requestGoodsToTheCentralPlanner 223 9076 [2.8266987455742445, 0.0, 0.0, 0.0] [542.2509187010396, 0.0, 0.0, 0.0]
concludeProduction 223 9076 2.8266987455742445 1.7635492588909676
224 9076 newAPP 5.0 17.0 25.769506084467118 42.13913835469489
allowInformationToCentralPlanner 224 9076 [2.8389456154276544, 0.0, 0.0, 0.0] [540.3110145162595, 0.0, 0.0, 0.0]
requestGoodsToTheCentralPlanner 224 9076 [2.8389456154276544, 0.0, 0.0, 0.0] [540.3110145162595, 0.0, 0.0, 0.0]
concludeProduction 224 9076 2.8389456154276544 1.5000731821472701
225 9076 newAPP 3.0 17.0 15.461703650680272 42.293762934672856
allowInformationToCentralPlanner 225 9076 [2.8493627903036773, 0.0, 0.0, 0.0] [568.6609340158973, 0.0, 0.0, 0.0]
requestGoodsToTheCentralPlanner 225 9076 [2.8493627903036773, 0.0, 0.0, 0.0] [568.6609340158973, 0.0, 0.0, 0.0]
concludeProduction 225 9076 2.8493627903036773 1.6218914479216804
226 9076 newAPP 6.0 17.0 30.923407301360545 42.46094430081511
allowInformationToCentralPlanner 226 9076 [2.8606259253586885, 0.0, 0.0, 0.0] [536.8768534231837, 0.0, 0.0, 0.0]
requestGoodsToTheCentralPlanner 226 9076 [2.8606259253586885, 0.0, 0.0, 0.0] [536.8768534231837, 0.0, 0.0, 0.0]
concludeProduction 226 9076 2.8606259253586885 1.7609478626328117
227 9076 newAPP 6.0 17.0 30.923407301360545 42.642459327457296
allowInformationToCentralPlanner 227 9076 [2.872854729960306, 0.0, 0.0, 0.0] [534.9398107742876, 0.0, 0.0, 0.0]
requestGoodsToTheCentralPlanner 227 9076 [2.872854729960306, 0.0, 0.0, 0.0] [534.9398107742876, 0.0, 0.0, 0.0]
concludeProduction 227 9076 2.872854729960306 1.2005466589134692
228 9076 newAPP 3.0 17.0 15.461703650680272 42.76620930518352
allowInformationToCentralPlanner 228 9076 [2.8811918595360937, 0.0, 0.0, 0.0] [533.6192094494828, 0.0, 0.0, 0.0]
requestGoodsToTheCentralPlanner 228 9076 [2.8811918595360937, 0.0, 0.0, 0.0] [533.6192094494828, 0.0, 0.0, 0.0]
concludeProduction 228 9076 2.8811918595360937 1.4811857877822576
229 9076 newAPP 4.0 17.0 20.615604867573694 42.91888700986545
allowInformationToCentralPlanner 229 9076 [2.8914778719512486, 0.0, 0.0, 0.0] [501.98990508292223, 0.0, 0.0, 0.0]
requestGoodsToTheCentralPlanner 229 9076 [2.8914778719512486, 0.0, 0.0, 0.0] [501.98990508292223, 0.0, 0.0, 0.0]
concludeProduction 229 9076 2.8914778719512486 1.1115839228666817
230 9076 newAPP 6.0 17.0 30.923407301360545 43.03346688452029
allowInformationToCentralPlanner 230 9076 [2.899197204748934, 0.0, 0.0, 0.0] [530.7671627677689, 0.0, 0.0, 0.0]
requestGoodsToTheCentralPlanner 230 9076 [2.899197204748934, 0.0, 0.0, 0.0] [530.7671627677689, 0.0, 0.0, 0.0]
concludeProduction 230 9076 2.899197204748934 1.5574993755855684
231 9076 newAPP 2.0 18.0 10.307802433786847 43.19401084306311
allowInformationToCentralPlanner 231 9076 [2.9100131726349447, 0.0, 0.0, 0.0] [331.05391345462465, 0.0, 0.0, 0.0]
requestGoodsToTheCentralPlanner 231 9076 [2.9100131726349447, 0.0, 0.0, 0.0] [331.05391345462465, 0.0, 0.0, 0.0]
concludeProduction 231 9076 2.510994760661865 0.0
232 9076 newAPP 4.0 18.0 20.615604867573694 43.15288081348249
allowInformationToCentralPlanner 232 9076 [2.9072422114406873, 0.0, 0.0, 0.0] [331.49283370779506, 0.0, 0.0, 0.0]
requestGoodsToTheCentralPlanner 232 9076 [2.9072422114406873, 0.0, 0.0, 0.0] [331.49283370779506, 0.0, 0.0, 0.0]
concludeProduction 232 9076 2.6896506439295846 0.0
233 9076 newAPP 5.0 18.0 25.769506084467118 43.13045190459086
allowInformationToCentralPlanner 233 9076 [2.9057311588885266, 0.0, 0.0, 0.0] [283.7321844320573, 0.0, 0.0, 0.0]
requestGoodsToTheCentralPlanner 233 9076 [2.9057311588885266, 0.0, 0.0, 0.0] [283.7321844320573, 0.0, 0.0, 0.0]
concludeProduction 233 9076 2.3352712452774123 0.0
234 9076 newAPP 6.0 18.0 30.923407301360545 43.07165002373188
allowInformationToCentralPlanner 234 9076 [2.9017696317106716, 0.0, 0.0, 0.0] [308.35969033702963, 0.0, 0.0, 0.0]
requestGoodsToTheCentralPlanner 234 9076 [2.9017696317106716, 0.0, 0.0, 0.0] [308.35969033702963, 0.0, 0.0, 0.0]
concludeProduction 234 9076 2.568037750573234 0.0
235 9076 newAPP 3.0 18.0 15.461703650680272 43.03724960076567
allowInformationToCentralPlanner 235 9076 [2.8994520492027727, 0.0, 0.0, 0.0] [470.7267954062806, 0.0, 0.0, 0.0]
requestGoodsToTheCentralPlanner 235 9076 [2.8994520492027727, 0.0, 0.0, 0.0] [470.7267954062806, 0.0, 0.0, 0.0]
concludeProduction 235 9076 2.8994520492027727 0.9310926165538396
236 9076 newAPP 3.0 18.0 15.461703650680272 43.133224788155616
allowInformationToCentralPlanner 236 9076 [2.9059179701510636, 0.0, 0.0, 0.0] [259.7025935280714, 0.0, 0.0, 0.0]
requestGoodsToTheCentralPlanner 236 9076 [2.9059179701510636, 0.0, 0.0, 0.0] [259.7025935280714, 0.0, 0.0, 0.0]
concludeProduction 236 9076 2.1640632610655404 0.0
237 9076 newAPP 5.0 18.0 25.769506084467118 43.05675587039734
allowInformationToCentralPlanner 237 9076 [2.9007662013379694, 0.0, 0.0, 0.0] [236.51863370806555, 0.0, 0.0, 0.0]
requestGoodsToTheCentralPlanner 237 9076 [2.9007662013379694, 0.0, 0.0, 0.0] [236.51863370806555, 0.0, 0.0, 0.0]
concludeProduction 237 9076 1.8777182813661835 0.0
238 9076 newAPP 5.0 18.0 25.769506084467118 42.95130211200368
allowInformationToCentralPlanner 238 9076 [2.893661701893721, 0.0, 0.0, 0.0] [189.64398642003457, 0.0, 0.0, 0.0]
requestGoodsToTheCentralPlanner 238 9076 [2.893661701893721, 0.0, 0.0, 0.0] [189.64398642003457, 0.0, 0.0, 0.0]
concludeProduction 238 9076 1.5208669819515714 0.0
239 9076 newAPP 3.0 18.0 15.461703650680272 42.809797144450584
allowInformationToCentralPlanner 239 9076 [2.884128405227456, 0.0, 0.0, 0.0] [191.15406061197098, 0.0, 0.0, 0.0]
requestGoodsToTheCentralPlanner 239 9076 [2.884128405227456, 0.0, 0.0, 0.0] [191.15406061197098, 0.0, 0.0, 0.0]
concludeProduction 239 9076 1.520956067751976 0.0
240 9076 newAPP 6.0 18.0 30.923407301360545 42.66928403307158
allowInformationToCentralPlanner 240 9076 [2.874661930661654, 0.0, 0.0, 0.0] [192.653550183194, 0.0, 0.0, 0.0]
requestGoodsToTheCentralPlanner 240 9076 [2.874661930661654, 0.0, 0.0, 0.0] [192.653550183194, 0.0, 0.0, 0.0]
concludeProduction 240 9076 1.4840498950075793 0.0
241 9076 newAPP 5.0 15.0 25.769506084467118 42.5259424918159
allowInformationToCentralPlanner 241 9076 [2.865004902636279, 0.0, 0.0, 0.0] [326.1832234224135, 0.0, 0.0, 0.0]
requestGoodsToTheCentralPlanner 241 9076 [2.865004902636279, 0.0, 0.0, 0.0] [326.1832234224135, 0.0, 0.0, 0.0]
concludeProduction 241 9076 2.6955356335248255 0.0
242 9076 newAPP 8.0 15.0 41.23120973514739 42.50847393436991
allowInformationToCentralPlanner 242 9076 [2.8638280327118935, 0.0, 0.0, 0.0] [266.3696396184358, 0.0, 0.0, 0.0]
requestGoodsToTheCentralPlanner 242 9076 [2.8638280327118935, 0.0, 0.0, 0.0] [266.3696396184358, 0.0, 0.0, 0.0]
concludeProduction 242 9076 2.1713276894181592 0.0
243 9076 newAPP 2.0 15.0 10.307802433786847 42.43709236712989
allowInformationToCentralPlanner 243 9076 [2.8590190025501316, 0.0, 0.0, 0.0] [297.1313899960591, 0.0, 0.0, 0.0]
requestGoodsToTheCentralPlanner 243 9076 [2.8590190025501316, 0.0, 0.0, 0.0] [297.1313899960591, 0.0, 0.0, 0.0]
concludeProduction 243 9076 2.4296576360627697 0.0
244 9076 newAPP 9.0 15.0 46.38511095204081 42.39283464574537
allowInformationToCentralPlanner 244 9076 [2.8560373263939693, 0.0, 0.0, 0.0] [267.6036874991951, 0.0, 0.0, 0.0]
requestGoodsToTheCentralPlanner 244 9076 [2.8560373263939693, 0.0, 0.0, 0.0] [267.6036874991951, 0.0, 0.0, 0.0]
concludeProduction 244 9076 2.079458797012559 0.0
245 9076 newAPP 7.0 15.0 36.077308518253965 42.312786465193525
allowInformationToCentralPlanner 245 9076 [2.8506444199399317, 0.0, 0.0, 0.0] [268.4579238815146, 0.0, 0.0, 0.0]
requestGoodsToTheCentralPlanner 245 9076 [2.8506444199399317, 0.0, 0.0, 0.0] [268.4579238815146, 0.0, 0.0, 0.0]
concludeProduction 245 9076 2.1734065925227255 0.0
246 9076 newAPP 4.0 15.0 20.615604867573694 42.24297812793649
allowInformationToCentralPlanner 246 9076 [2.845941379471757, 0.0, 0.0, 0.0] [329.2028854916738, 0.0, 0.0, 0.0]
requestGoodsToTheCentralPlanner 246 9076 [2.845941379471757, 0.0, 0.0, 0.0] [329.2028854916738, 0.0, 0.0, 0.0]
concludeProduction 246 9076 2.659192747664709 0.0
247 9076 newAPP 7.0 15.0 36.077308518253965 42.22372844792202
allowInformationToCentralPlanner 247 9076 [2.844644513973097, 0.0, 0.0, 0.0] [485.40830898666155, 0.0, 0.0, 0.0]
requestGoodsToTheCentralPlanner 247 9076 [2.844644513973097, 0.0, 0.0, 0.0] [485.40830898666155, 0.0, 0.0, 0.0]
concludeProduction 247 9076 2.844644513973097 0.8900039946459386
248 9076 newAPP 3.0 15.0 15.461703650680272 42.31546830134294
allowInformationToCentralPlanner 248 9076 [2.8508250972692495, 0.0, 0.0, 0.0] [358.4293045925508, 0.0, 0.0, 0.0]
requestGoodsToTheCentralPlanner 248 9076 [2.8508250972692495, 0.0, 0.0, 0.0] [358.4293045925508, 0.0, 0.0, 0.0]
concludeProduction 248 9076 2.8329284811519164 0.0
249 9076 newAPP 5.0 15.0 25.769506084467118 42.313623553511235
allowInformationToCentralPlanner 249 9076 [2.850700815212879, 0.0, 0.0, 0.0] [484.44899087027994, 0.0, 0.0, 0.0]
requestGoodsToTheCentralPlanner 249 9076 [2.850700815212879, 0.0, 0.0, 0.0] [484.44899087027994, 0.0, 0.0, 0.0]
concludeProduction 249 9076 2.850700815212879 1.030510366312451
250 9076 newAPP 8.0 15.0 41.23120973514739 42.419846526130414
allowInformationToCentralPlanner 250 9076 [2.8578571372011603, 0.0, 0.0, 0.0] [447.3154294673361, 0.0, 0.0, 0.0]
requestGoodsToTheCentralPlanner 250 9076 [2.8578571372011603, 0.0, 0.0, 0.0] [447.3154294673361, 0.0, 0.0, 0.0]
concludeProduction 250 9076 2.8578571372011603 0.8019499717807692
251 9076 newAPP 2.0 17.0 10.307802433786847 42.50250994483938
allowInformationToCentralPlanner 251 9076 [2.8634262342274157, 0.0, 0.0, 0.0] [326.4332844983774, 0.0, 0.0, 0.0]
requestGoodsToTheCentralPlanner 251 9076 [2.8634262342274157, 0.0, 0.0, 0.0] [326.4332844983774, 0.0, 0.0, 0.0]
concludeProduction 251 9076 2.4991828679750916 0.0
252 9076 newAPP 5.0 17.0 25.769506084467118 42.46496445826792
allowInformationToCentralPlanner 252 9076 [2.860896766406219, 0.0, 0.0, 0.0] [386.83395220125493, 0.0, 0.0, 0.0]
requestGoodsToTheCentralPlanner 252 9076 [2.860896766406219, 0.0, 0.0, 0.0] [386.83395220125493, 0.0, 0.0, 0.0]
concludeProduction 252 9076 2.860896766406219 0.25486379211907684
253 9076 newAPP 6.0 17.0 30.923407301360545 42.49123531443481
allowInformationToCentralPlanner 253 9076 [2.8626666538514898, 0.0, 0.0, 0.0] [554.5536020299237, 0.0, 0.0, 0.0]
requestGoodsToTheCentralPlanner 253 9076 [2.8626666538514898, 0.0, 0.0, 0.0] [554.5536020299237, 0.0, 0.0, 0.0]
concludeProduction 253 9076 2.8626666538514898 1.6619098943062398
254 9076 newAPP 3.0 17.0 15.461703650680272 42.66254170296745
allowInformationToCentralPlanner 254 9076 [2.874207694784172, 0.0, 0.0, 0.0] [414.725501146187, 0.0, 0.0, 0.0]
requestGoodsToTheCentralPlanner 254 9076 [2.874207694784172, 0.0, 0.0, 0.0] [414.725501146187, 0.0, 0.0, 0.0]
concludeProduction 254 9076 2.874207694784172 0.425949546553984
255 9076 newAPP 3.0 17.0 15.461703650680272 42.70644774069385
allowInformationToCentralPlanner 255 9076 [2.8771656777463526, 0.0, 0.0, 0.0] [444.25695664497766, 0.0, 0.0, 0.0]
requestGoodsToTheCentralPlanner 255 9076 [2.8771656777463526, 0.0, 0.0, 0.0] [444.25695664497766, 0.0, 0.0, 0.0]
concludeProduction 255 9076 2.8771656777463526 0.5999239303571926
256 9076 newAPP 5.0 17.0 25.769506084467118 42.76828671418807
allowInformationToCentralPlanner 256 9076 [2.8813318161516106, 0.0, 0.0, 0.0] [413.59704032158476, 0.0, 0.0, 0.0]
requestGoodsToTheCentralPlanner 256 9076 [2.8813318161516106, 0.0, 0.0, 0.0] [413.59704032158476, 0.0, 0.0, 0.0]
concludeProduction 256 9076 2.8813318161516106 0.33734641789162056
257 9076 newAPP 3.0 17.0 15.461703650680272 42.803059716461796
allowInformationToCentralPlanner 257 9076 [2.883674499609191, 0.0, 0.0, 0.0] [263.2259592619039, 0.0, 0.0, 0.0]
requestGoodsToTheCentralPlanner 257 9076 [2.883674499609191, 0.0, 0.0, 0.0] [263.2259592619039, 0.0, 0.0, 0.0]
concludeProduction 257 9076 2.1798300824674284 0.0
258 9076 newAPP 2.0 17.0 10.307802433786847 42.730508824501584
allowInformationToCentralPlanner 258 9076 [2.878786691156818, 0.0, 0.0, 0.0] [288.00018812076, 0.0, 0.0, 0.0]
requestGoodsToTheCentralPlanner 258 9076 [2.878786691156818, 0.0, 0.0, 0.0] [288.00018812076, 0.0, 0.0, 0.0]
concludeProduction 258 9076 2.2338222285424307 0.0
259 9076 newAPP 3.0 17.0 15.461703650680272 42.66402716192716
allowInformationToCentralPlanner 259 9076 [2.8743077712775515, 0.0, 0.0, 0.0] [336.7096490296357, 0.0, 0.0, 0.0]
requestGoodsToTheCentralPlanner 259 9076 [2.8743077712775515, 0.0, 0.0, 0.0] [336.7096490296357, 0.0, 0.0, 0.0]
concludeProduction 259 9076 2.692918565370703 0.0
260 9076 newAPP 3.0 17.0 15.461703650680272 42.64532992094607
allowInformationToCentralPlanner 260 9076 [2.8730481240143093, 0.0, 0.0, 0.0] [384.90917715613335, 0.0, 0.0, 0.0]
requestGoodsToTheCentralPlanner 260 9076 [2.8730481240143093, 0.0, 0.0, 0.0] [384.90917715613335, 0.0, 0.0, 0.0]
concludeProduction 260 9076 2.8730481240143093 0.09658489557971173
261 9076 newAPP 3.0 17.0 15.461703650680272 42.6552857011633
allowInformationToCentralPlanner 261 9076 [2.8737188524558355, 0.0, 0.0, 0.0] [360.8029337709957, 0.0, 0.0, 0.0]
requestGoodsToTheCentralPlanner 261 9076 [2.8737188524558355, 0.0, 0.0, 0.0] [360.8029337709957, 0.0, 0.0, 0.0]
concludeProduction 261 9076 2.8709612887945015 0.0
262 9076 newAPP 6.0 17.0 30.923407301360545 42.65500145694911
allowInformationToCentralPlanner 262 9076 [2.873699702708187, 0.0, 0.0, 0.0] [336.80596709102304, 0.0, 0.0, 0.0]
requestGoodsToTheCentralPlanner 262 9076 [2.873699702708187, 0.0, 0.0, 0.0] [336.80596709102304, 0.0, 0.0, 0.0]
concludeProduction 262 9076 2.592607846383924 0.0
263 9076 newAPP 4.0 17.0 20.615604867573694 42.62602706374174
allowInformationToCentralPlanner 263 9076 [2.8717476759281575, 0.0, 0.0, 0.0] [139.11516813297973, 0.0, 0.0, 0.0]
requestGoodsToTheCentralPlanner 263 9076 [2.8717476759281575, 0.0, 0.0, 0.0] [139.11516813297973, 0.0, 0.0, 0.0]
concludeProduction 263 9076 1.1191052375886141 0.0
